5 0 7 1 
6.98084 0.747175 7.01877 3.59385 
7.49445 3.92133 8.32722 2.82519 
2.95013 1.23405 3.93016 0.483995 
0.67966 0.270534 4.82337 0.644203 
2.53843 3.40406 6.0997 0.790559 
1.00009 0.893937 5.83113 3.37913 
5.59776 1.8075 3.77448 0.324593 
2.98363 6.27898 8.47888 0.323548 
7.62379 1.77703 5.55169 2.13611 
0.775934 1.56736 3.38563 2.79552 
8.0077 2.63289 2.32042 0.579885 
6.80738 0.84207 1.69006 0.691859 
0.856052 4.43602 7.79366 3.28904 
4.38239 2.88375 6.38256 2.87495 
2.68582 3.05387 4.84652 3.79522 
2.34755 3.78703 1.47574 4.69473 
3.87218 0.277377 5.92733 2.7929 
1.50199 6.28305 5.87279 2.52018 
0.18408 3.67136 4.95798 5.90579 
2.54158 4.84979 9.82729 2.77725 
5.33625 4.70054 2.00711 1.79364 
4.05542 1.92276 9.32816 4.86213 
8.06672 3.98691 5.89773 0.499057 
2.66024 1.64955 1.0684 1.76406 
9.60692 6.43036 6.87664 1.18213 
2.69545 3.68292 8.37386 6.33456 
0.561131 1.76637 4.77499 7.17646 
0.166283 4.08708 3.68238 3.20823 
7.40289 0.830309 7.13227 0.550481 
1.34498 0.58602 7.01953 6.87181 
3.76384 3.50018 0.274538 3.62777 
6.41535 1.69213 4.01003 4.1487 
6.0413 3.00279 4.63832 2.23223 
2.95528 5.4209 5.17732 1.46347 
1.87125 6.34572 3.16548 5.36569 
8.49029 5.62425 7.74395 4.37885 
5.43143 6.07632 0.378578 4.08402 
2.25425 6.2946 7.98979 3.67351 
2.72717 3.12342 3.86065 1.5549 
1.01404 2.81983 9.47954 3.7674 
2.80263 2.17755 6.16719 5.9284 
9.234 0.415577 8.58667 3.03799 
5.80554 0.766454 4.65476 2.32998 
8.12242 3.91133 8.91559 0.707205 
5.17066 2.08963 8.92539 1.65526 
5.51146 3.07578 2.49872 3.01223 
8.83862 3.75173 9.39566 5.63423 
7.83632 2.73476 1.87479 3.20099 
1.89203 0.606808 8.94113 3.21193 
5.95722 6.24878 3.5252 5.45498 
8.54274 5.44051 3.98745 4.23742 
3.36913 5.56308 2.98473 2.5796 
4.2882 3.62011 8.66852 3.60887 
8.49939 4.79916 1.09274 0.670516 
7.88568 1.63846 9.96568 4.60934 
6.86994 4.84866 5.18588 4.50058 
4.82905 1.9399 4.0846 5.72929 
9.92288 5.88742 5.38426 3.08791 
4.42673 6.01523 5.89732 2.46726 
5.2447 3.62506 0.914451 5.5696 
0.135916 3.20697 6.5258 8.46256 
5.0912 7.3771 8.95083 3.10769 
0.961314 6.28566 3.71398 1.51834 
6.13416 2.52502 6.20785 0.670253 
0.34198 0.918586 4.7582 5.05775 
0.558168 7.68338 6.48734 0.409669 
6.33996 5.11756 5.62912 8.25453 
1.13883 8.73649 5.14432 3.19846 
0.820902 8.94788 3.45573 1.79104 
3.7204 9.03511 9.33848 0.902273 
3.0378 1.0546 2.32967 5.51895 
0.290104 6.2882 9.35551 4.51992 
0.632514 8.50534 7.53228 3.53525 
2.39624 1.87801 4.13529 5.39665 
6.76901 5.1193 7.15839 0.660613 
9.02208 3.48002 7.21078 3.31128 
6.58166 8.65838 6.7255 1.0356 
1.72116 1.43034 1.96085 8.19292 
7.21375 1.17799 9.22115 2.88635 
4.51741 2.40269 2.18543 0.655687 
3.13139 5.69344 7.47669 5.6873 
3.40997 9.21324 6.22996 5.26054 
0.366492 2.58749 5.54399 4.21801 
5.08467 5.38485 5.42231 0.658103 
2.42472 3.90986 0.119714 0.890345 
6.51541 6.7541 6.91722 2.89958 
2.17143 4.20545 8.7808 1.14552 
2.60901 0.132848 3.7392 3.12361 
2.04287 8.90823 9.84247 2.20216 
7.65561 6.42203 4.6069 2.68178 
6.14804 3.26809 8.35471 0.402586 
0.866912 5.78458 6.65758 5.5624 
2.71868 4.25063 6.06532 4.88319 
8.40014 1.40684 8.78664 0.941075 
1.87204 8.11402 8.52618 6.61928 
1.16328 2.91575 2.91349 4.35133 
7.59308 4.15939 2.57355 5.51122 
3.85859 0.995805 7.24721 4.96972 
8.73076 0.145033 6.31899 1.71274 
9.86684 0.947791 4.66237 0.719103 
9.13543 2.09193 4.24176 6.27598 
8.03214 4.09455 6.31156 6.03339 
6.35532 5.96217 7.80103 6.72782 
4.48837 0.120355 9.83278 0.58095 
9.50501 3.14357 4.78841 2.24572 
0.913653 3.50283 1.48469 7.89599 
2.38421 4.35889 2.75615 7.63215 
1.3069 2.2251 7.35733 4.73771 
3.55595 3.51493 2.77255 3.25282 
9.22119 1.55387 5.73047 3.38301 
2.24507 0.562648 8.06257 1.36684 
5.77598 4.14359 7.35544 3.74508 
5.25894 0.0615764 5.87485 4.2775 
1.41542 8.61394 3.81868 5.71621 
2.67382 1.90301 9.21557 0.278856 
2.59222 6.13663 8.91561 8.52127 
5.32118 4.52642 9.44916 2.15469 
1.21091 5.15659 9.20387 6.63528 
9.43233 6.45916 8.8289 0.729349 
9.90938 3.87402 6.84846 6.45756 
6.24896 0.71113 9.19925 5.49059 
5.00925 0.305115 2.68682 2.63534 
0.352508 6.74206 8.77399 2.30602 
1.56601 0.564233 2.20351 0.508275 
3.59012 1.78551 2.67082 8.85092 
2.64287 7.42242 2.66034 7.65111 
1.969 5.78878 1.24086 8.66699 
5.23269 6.11444 0.21882 8.10195 
5.94214 6.65025 9.39558 1.43615 
8.66825 4.21275 2.92083 1.99281 
6.96758 0.92449 2.48684 5.96528 
0.25672 6.00976 2.10911 6.32563 
3.50035 8.73603 4.13109 5.13856 
5.15246 7.92838 7.26296 4.60045 
4.51342 5.18308 9.73624 7.34476 
5.5864 7.38722 6.19146 6.60591 
0.587161 4.34052 8.43025 8.72326 
4.44397 2.43709 7.28473 0.175392 
8.04835 7.3772 4.88351 5.79455 
5.75236 1.92325 7.72184 6.20667 
4.67224 9.15574 8.20459 6.50508 
3.83347 2.36982 9.91749 6.98416 
7.22267 5.12623 0.623879 3.55347 
6.59349 4.91801 3.36263 0.668454 
1.46177 5.01738 0.303183 3.79004 
0.430962 3.20068 6.74919 1.81124 
9.83825 5.73786 2.64937 2.83676 
4.36467 6.45333 1.97887 6.0361 
8.69987 5.96813 3.43015 6.83014 
0.409352 7.9743 8.56792 0.461114 
3.55935 6.69028 1.50054 1.35499 
3.13898 2.57915 9.61069 9.84736 
9.61555 3.49524 6.16467 8.67881 
0.914092 7.52222 0.61165 8.65469 
9.90836 7.57969 6.82983 6.87234 
5.48971 2.4844 9.96825 3.5662 
8.73629 9.80672 5.43031 4.21735 
7.52747 7.38543 8.72816 6.30423 
2.51341 7.84663 6.68294 3.18714 
3.75714 5.03299 4.61008 8.93184 
0.353129 4.86523 5.07527 9.35699 
7.54187 3.0071 8.3075 7.59615 
0.339919 6.43694 6.00039 8.38724 
1.78669 0.367095 7.26319 8.95903 
7.75058 4.20967 2.53206 8.03137 
9.82245 0.302624 3.1021 3.36665 
1.1242 4.2308 0.208988 6.4922 
0.643061 8.89357 1.13468 5.91188 
8.97181 8.72805 2.36285 4.45364 
4.05183 0.124244 4.33291 6.6616 
7.16807 5.90809 8.7205 3.21939 
0.576783 8.61211 9.06092 5.19511 
6.47763 5.99891 9.70888 5.53917 
0.468683 8.80038 5.70522 6.53339 
4.53647 8.76565 0.864301 4.85033 
2.52761 8.61734 5.87238 7.06907 
6.12326 3.188 9.11737 5.63227 
4.69304 0.256477 8.29215 2.84139 
3.7081 5.52971 4.3409 4.12362 
1.6143 9.0612 5.46386 8.78173 
8.72889 3.88833 0.782449 6.42065 
3.80565 8.54932 8.75353 9.0982 
2.70177 6.8404 2.09178 3.90337 
7.33974 2.89854 0.198998 1.49454 
0.543799 7.06241 4.33168 6.57715 
4.62234 4.30246 5.77245 5.6672 
2.35938 4.88934 6.35864 8.53335 
4.85794 3.08121 6.14422 7.90746 
3.17654 5.71316 0.0359299 2.97714 
0.525156 1.76138 8.6845 7.0799 
5.76769 9.44697 8.71247 3.00161 
4.32274 3.3135 2.80173 6.57657 
3.3754 1.68276 9.68224 2.25991 
9.09048 1.22515 1.12064 3.0931 
3.88388 8.72541 3.82399 2.70747 
6.56959 7.94121 3.17233 2.30372 
3.77638 8.35499 1.00016 9.32155 
4.44042 8.50216 9.77622 4.59052 
3.7628 1.72013 6.87058 9.409 
3.49507 8.06393 5.21076 8.8196 
0.251856 4.36624 9.80438 1.45734 
2.36973 9.56283 3.07113 3.71352 
9.38859 1.95808 6.83411 6.73759 
9.97089 7.53106 7.45115 3.04917 
0.314372 5.15909 5.47715 4.04637 
4.19718 1.43578 4.03411 3.15359 
6.53589 8.8431 1.9187 9.64643 
8.31928 0.572722 5.85407 5.53794 
3.92392 3.36008 9.94414 0.633316 
5.72923 6.69518 6.1078 9.40959 
5.13234 9.63425 2.31414 7.0113 
2.26962 2.30429 0.121002 6.80158 
5.73716 9.79373 3.65966 3.79458 
6.5978 7.33733 9.60389 9.57455 
5.09494 9.12031 0.864475 0.828773 
5.63602 9.52252 9.05672 9.83809 
0.161096 4.80277 7.85784 1.12563 
1.79802 0.270946 0.658402 6.2576 
7.4374 3.1094 4.72091 5.46351 
3.39736 6.86584 0.0412028 7.55664 
2.32115 0.595923 6.17641 0.360762 
4.64953 2.7696 0.0531206 0.304533 
2.38742 4.51917 9.76254 4.82244 
8.47203 5.06025 7.50871 8.79552 
9.12774 8.60895 3.04223 0.133037 
4.23307 4.16535 3.71377 0.554439 
5.22563 7.46532 5.80977 1.11593 
5.62985 7.96476 7.87511 9.2622 
5.60236 5.30272 3.82612 3.30217 
8.32067 0.312879 3.92461 4.49194 
8.21151 7.29616 5.71184 1.09148 
1.66735 9.60144 0.246887 4.34102 
5.00625 3.28816 9.33132 8.40418 
6.20715 2.18461 0.759565 3.97716 
8.91393 8.86992 6.37633 2.40885 
7.40141 4.92223 6.31891 2.56869 
4.38594 1.21834 0.807746 4.25202 
8.66124 3.79302 0.21651 2.93499 
8.51985 7.39583 0.202571 1.74912 
7.97119 8.9365 7.65012 9.83514 
7.39464 8.14503 1.92905 7.52228 
1.47189 8.85663 7.49382 8.2189 
9.00421 0.822667 9.33749 7.6372 
0.82197 0.418825 2.37242 4.76027 
1.10039 2.8756 0.550468 2.0734 
6.26882 8.32528 4.80391 5.02955 
9.25826 5.79113 4.38475 0.378755 
9.35256 6.93366 1.45109 6.90332 
1.11036 4.49482 2.39693 1.50707 
8.35437 2.60068 4.00812 3.70478 
4.73465 0.206789 0.412114 2.54605 
9.73542 7.26531 4.04244 4.35111 
5.52034 9.23399 5.16938 7.45941 
2.3461 2.22364 7.55607 2.72376 
1.3949 4.24332 4.87747 1.84309 
0.223033 7.18321 2.92394 8.85308 
0.126033 0.726119 8.53428 0.0460701 
4.46485 2.52381 0.0791366 9.7526 
9.0742 4.80207 3.61905 9.09393 
4.50456 3.92122 1.41042 9.16389 
1.22643 9.40252 2.56618 7.15982 
5.4041 6.06881 3.38044 9.05396 
4.12625 9.39363 3.113 9.69933 
8.42148 9.31926 0.623063 1.09293 
1.94499 4.5678 0.0523694 9.73838 
0.665869 6.01743 9.9417 0.235505 
9.4169 1.02142 2.91472 7.51875 
0.0244985 2.89133 3.74732 0.987849 
9.10085 8.35686 3.76786 2.26394 
8.53037 9.27506 8.03066 0.0283203 
3.95827 1.79697 1.10023 7.66106 
0.198023 1.55338 8.53546 2.24691 
7.74278 1.78794 4.4366 0.453695 
6.11237 6.92127 3.70647 0.220971 
9.47183 3.53961 9.84729 1.92044 
0.203048 0.423714 8.0016 3.97914 
6.1415 4.65003 4.04673 7.02082 
2.24981 0.0447631 5.9296 4.7073 
9.91513 5.54474 8.63923 5.67056 
5.40914 4.55255 2.54216 4.65822 
7.41236 1.43155 6.50318 9.00035 
9.01249 0.167329 6.77266 9.58121 
5.9274 3.93498 0.28384 7.32564 
3.19168 9.8639 9.86891 5.64235 
3.0816 8.59246 4.22482 0.263502 
8.56445 7.54279 5.00482 9.98889 
9.16691 1.84089 8.61413 5.73189 
3.38396 6.30982 9.9059 4.71408 
6.79928 2.48203 7.97806 4.09541 
6.63288 5.11759 0.812973 9.53426 
2.56613 4.45878 8.91753 9.99337 
9.9616 4.82625 1.88705 5.32892 
0.0483105 2.04154 2.35824 6.75463 
9.20526 1.37653 1.06223 0.394469 
7.54807 9.04093 4.77118 0.367632 
9.56848 1.89764 0.587412 5.49086 
2.30072 5.87686 3.90417 0.0654571 
9.14556 9.53507 8.36786 2.53809 
7.24205 0.0712488 1.78124 4.25182 
7.4219 0.431861 2.46599 8.5017 
5.64252 6.86078 0.968572 0.611866 
3.2009 9.19888 6.10196 1.4242 
9.21785 8.38587 4.04399 7.02326 
5.15731 4.84408 9.82704 9.68649 
2.88501 0.011415 8.56278 6.12732 
7.8987 9.40882 2.81443 1.51395 
1.13248 2.45568 4.00582 9.45599 
8.08718 9.83521 0.457945 3.12577 
3.29654 9.97349 6.97003 8.98266 
2.93537 2.42875 7.61442 7.68244 
7.44941 2.42992 1.83957 7.06358 
7.27978 8.49413 0.814852 5.62202 
3.01308 0.04549 0.453179 8.82729 
6.85179 9.83409 9.9393 0.860278 
7.6809 3.47384 5.59166 8.531 
0.311768 7.64038 1.42612 3.77605 
8.28298 6.10694 6.70414 6.46606 
5.04795 5.32777 7.88209 9.16844 
9.25106 7.72785 9.11679 7.45498 
1.91228 1.75196 1.59398 3.57264 
8.73907 9.03277 7.25278 5.25453 
7.93769 6.90991 2.53193 5.4815 
4.5108 8.2655 6.68448 2.68781 
8.77639 6.23215 9.79486 2.62599 
8.67214 5.92623 9.87283 4.60356 
6.007 2.34808 4.36095 8.08905 
7.03591 7.23622 4.52715 8.47134 
7.94227 6.18265 2.66996 1.3916 
4.1999 6.52448 4.3688 7.68233 
4.30399 7.68505 1.48886 3.20248 
7.15231 8.48733 9.52442 4.34346 
2.16805 6.89057 9.85097 3.17633 
3.21353 7.19673 7.02341 9.19933 
8.21843 2.57182 1.63837 9.11743 
5.54303 1.37694 9.63601 8.02909 
7.13758 8.17171 7.54528 7.73787 
2.83249 9.69562 2.0684 0.687219 
1.85192 8.46534 8.69388 9.7289 
9.13151 9.66381 9.73426 7.86938 
2.62081 4.96457 5.07607 6.73169 
0.221954 2.08719 1.02024 9.06893 
7.16079 4.57271 3.52692 9.91292 
0.167612 1.15437 8.10427 9.28022 
7.26507 8.91719 4.22754 7.33566 
2.60187 7.70241 1.04005 6.12051 
5.15456 3.31388 4.69729 4.04011 
6.80555 3.17153 9.08771 9.52539 
4.70287 3.4905 3.67917 9.73116 
1.71474 8.42399 0.632395 0.922233 
4.0156 4.27468 0.0509369 6.86958 
5.89485 0.31194 5.11916 7.44211 
0.960423 4.17048 2.29871 9.65677 
6.4888 7.62606 9.86168 7.58351 
7.14405 9.77376 8.9119 6.29976 
9.98827 7.05457 2.86933 8.74589 
9.43723 3.35345 9.8722 7.8285 
0.0789011 2.87764 0.00457597 3.74902 
8.54654 8.89928 5.76485 8.01424 
0.344435 9.97531 1.19428 2.12445 
1.97092 5.82752 4.00498 9.41012 
9.88827 6.70162 1.90983 1.2265 
3.32074 9.85069 9.02961 7.51811 
7.02358 5.05601 9.8474 8.94086 
0.661978 1.84121 9.98573 5.4417 
9.79009 6.0696 0.363704 3.51346 
5.13432 8.06899 0.431044 6.93515 
3.02181 9.93014 1.42637 5.44302 
9.9704 3.63967 0.920334 8.50895 
3.59526 7.08112 7.93848 7.34207 
4.14359 0.189993 8.67246 7.72153 
7.77682 7.3562 0.79977 3.69737 
9.89575 9.16143 6.37758 0.490663 
5.58379 9.85706 0.274867 8.08502 
0.0202899 0.237236 5.73206 9.65467 
8.35139 1.21638 8.53673 9.34026 
7.99367 6.33199 0.130477 8.61429 
0.22917 2.179 1.69321 0.701914 
3.51701 9.12213 0.116104 1.97605 
3.87305 9.99424 4.24842 7.85334 
3.07794 2.63921 4.31255 7.59365 
5.42045 1.01734 2.38635 8.87768 
5.9629 0.893496 0.482545 5.51152 
4.67316 0.52159 6.64628 8.09253 
2.69307 7.30316 5.36036 5.11358 
6.32341 9.94754 7.03947 7.62423 
4.60914 3.65864 7.88395 5.7897 
6.99066 9.41808 6.41375 3.93675 
6.03725 0.48356 8.0006 9.13787 
2.11476 8.97858 2.80067 9.67592 
2.86596 0.610685 4.80813 8.95288 
7.09272 7.10907 8.31767 0.271429 
6.42036 8.73997 1.24539 2.80788 
8.15249 0.622068 0.517126 8.03891 
2.22979 2.64499 7.78967 9.85978 
8.5243 0.391377 5.72167 7.88578 
9.46957 2.0123 3.90973 9.80177 
9.79532 4.20941 4.22414 7.17851 
0.473587 0.441436 0.344557 1.99983 
9.54893 8.36399 0.526186 8.39308 
5.03453 9.81524 2.45342 2.07121 
3.86108 4.85283 7.15594 0.446067 
0.425625 0.041554 3.3302 6.86707 
3.74178 6.90091 3.74913 1.01052 
0.420872 6.0469 0.487287 1.11913 
5.08446 9.33077 4.61507 1.07199 
6.15893 0.247754 0.510916 7.70325 
9.86974 6.11154 5.93136 8.99626 
7.20474 9.06422 4.8805 2.44125 
0.162593 7.42196 5.92793 4.35895 
7.31848 9.55369 3.62413 9.96185 
5.03221 5.25377 2.49778 7.41504 
5.23961 0.193291 2.82208 5.03039 
3.60286 9.99346 7.73766 3.43791 
9.50781 9.97589 8.54793 9.6724 
6.45012 9.07239 5.87899 9.33804 
8.11596 2.22183 0.0503573 4.19747 
9.98686 9.19851 9.63984 3.92614 
0.0430818 6.57274 8.21729 7.40361 
4.92218 7.20396 1.85056 8.41492 
8.57508 5.48894 1.78622 9.17938 
9.95866 3.40654 5.66211 4.5159 
5.13392 8.50076 2.92611 0.184489 
7.63329 1.46447 3.18141 2.1524 
6.93881 9.80523 2.80589 5.21556 
9.84348 3.22916 1.87992 3.75801 
7.87202 9.46507 0.233319 9.36336 
1.85963 0.179454 0.31385 4.2613 
7.07464 5.87107 1.56417 7.59909 
2.08253 2.78445 2.04911 6.51726 
8.05449 0.331336 4.10204 9.76799 
0.409245 3.61335 7.51035 6.6391 
9.715 6.59491 0.648279 9.81448 
5.15519 5.77589 6.49648 4.46496 
9.72264 8.81141 1.87179 6.31762 
3.1637 3.32901 5.64318 9.20788 
9.61417 0.114352 2.33585 9.70699 
4.61095 5.3354 7.07407 7.1201 
0.549357 0.317091 2.86518 9.31516 
0.0187893 6.48685 9.8986 9.89662 
6.94659 6.72462 6.79514 4.88195 
9.2793 7.71891 0.148021 4.97599 
6.95819 0.336348 7.4214 7.28731 
8.03478 5.66978 6.04357 9.96165 
9.80691 2.57027 9.50084 9.81023 
1.85645 9.81296 7.57114 4.97739 
8.43137 7.9771 1.87292 9.93941 
9.50288 5.43452 9.17055 7.82531 
1.55924 9.90282 7.39099 1.94961 
5.61618 3.00237 6.71171 9.82999 
9.36126 5.32479 9.57196 9.86655 
1.24448 5.72122 7.40994 9.90004 
6.514 1.89159 0.561232 9.88565 
3.41282 6.14765 0.848979 9.99238 
2.55443 7.18288 4.0604 3.36673 
2.35499 2.50243 0.982856 9.52597 
5.61126 0.614798 4.68077 9.36899 
4.8356 0.217611 0.000240088 9.63597 
2.37652 3.49065 9.79633 8.23619 
9.39348 9.76283 5.92176 9.67544 
9.6516 9.33639 5.58212 6.06331 
2.53833 0.788541 9.28855 9.21456 
