0 8 7 
0.544386 8.86488 7.9548 
1.54081 7.4763 5.82949 
2.22653 8.30106 6.97535 
1.26412 9.98901 7.91991 
0.514444 9.24791 6.51117 
1.3867 6.51378 7.29833 
0.140364 7.06716 6.20503 
0.101737 9.93748 8.25318 
2.75054 8.45927 5.90443 
2.05715 5.53664 6.33968 
2.49809 9.73593 5.43846 
3.279 9.89607 6.74859 
1.65436 5.58904 8.62772 
1.00272 8.55318 4.3508 
1.58222 10.0566 4.79857 
1.32299 7.0523 4.00804 
1.80982 8.66527 8.40633 
4.12166 8.94105 5.63163 
1.52951 10.0582 6.11636 
0.322148 8.96118 10.1241 
3.26578 7.22484 5.11309 
2.99503 8.76023 7.71629 
0.724165 7.46762 9.13229 
4.52885 9.2795 3.55158 
0.0957551 4.9132 6.55046 
5.95757 8.12204 6.20815 
0.0854699 7.58458 4.88831 
3.82554 8.27301 3.48157 
5.44658 7.92903 4.40509 
0.344522 7.19851 7.86895 
5.60881 6.13055 4.78486 
1.12462 7.73171 6.96671 
2.83686 7.03279 6.13204 
0.776902 6.48154 9.64792 
6.51145 8.39302 4.00596 
0.252305 6.15204 7.25265 
1.30506 8.28055 9.77385 
1.76318 9.73578 9.05504 
1.66128 5.32589 5.16921 
6.66659 7.83168 5.34688 
0.484102 10.139 4.83557 
2.86373 7.65575 8.68581 
5.89312 8.58341 2.86417 
4.14644 7.04308 6.83102 
3.18192 8.81201 4.2359 
4.34132 7.11167 5.32541 
3.01692 6.64805 8.0534 
5.14137 6.44515 3.39562 
4.89977 5.61157 1.68006 
0.393396 6.30852 4.868 
0.939136 4.42414 8.57808 
2.61451 9.47369 3.39496 
4.83452 8.0961 5.70228 
2.79842 6.0254 4.6315 
1.67482 8.67964 5.50766 
2.46674 5.85648 3.13286 
0.67547 3.49549 8.01091 
1.27049 4.24226 10.0362 
1.96077 6.45943 5.22258 
2.42677 7.30501 10.1026 
0.294207 8.85398 3.21669 
1.90527 2.69542 8.90077 
6.38324 10.1456 2.05325 
5.56698 4.62234 1.27284 
3.99371 7.64908 7.86446 
3.96262 6.74726 4.00882 
6.60985 6.5201 3.29238 
3.34319 7.79249 2.12679 
0.0164957 8.44812 5.79012 
0.233122 5.4204 9.04664 
0.997513 7.86844 2.2725 
0.635576 5.1506 3.67645 
3.59095 9.95931 4.72311 
3.88868 5.25428 5.89334 
1.43347 9.0278 2.30042 
2.19103 8.13599 4.36055 
6.01667 8.9684 5.17276 
2.69238 7.58164 3.20172 
2.13094 4.45793 3.48478 
4.89412 9.88689 6.87717 
1.81139 5.03001 7.44919 
0.393001 10.0273 2.97384 
1.59467 6.68348 2.91849 
4.13191 5.02721 0.9266 
3.17359 5.63034 7.66219 
0.0276868 6.72304 3.89599 
1.95641 6.08898 9.69957 
4.17008 7.83388 9.61754 
5.27382 8.07801 1.90027 
2.39363 4.28413 9.7505 
3.90168 10.0755 3.07034 
3.23805 3.24387 5.5532 
5.43889 8.69009 8.52401 
4.40965 8.74 2.26184 
7.40158 6.43554 4.16316 
0.830699 4.6146 4.94522 
5.89653 5.25756 3.916 
3.81381 4.68348 3.55666 
6.57048 9.90984 3.18459 
7.57893 8.86446 3.88787 
2.02535 6.66602 8.58221 
0.536929 5.31392 2.35956 
6.80368 9.8651 4.39004 
6.05416 6.2807 6.12377 
1.88377 2.86231 7.23332 
1.39531 7.59038 8.19345 
6.45456 5.24548 5.10665 
6.2361 4.10997 3.92691 
6.48928 5.13918 2.55805 
4.02183 6.38542 8.98938 
5.52535 5.37455 6.77506 
4.95392 8.48881 7.33411 
0.704028 3.87086 3.59709 
3.3311 6.19656 6.7127 
5.19917 9.27598 5.8658 
2.76471 8.36909 9.75849 
5.06871 5.38129 2.9515 
3.92815 8.68775 8.44362 
0.0759206 2.43251 7.05301 
1.03832 1.91203 9.59325 
2.28719 6.54577 1.38214 
1.71244 3.73793 6.07044 
7.91018 4.14972 4.05959 
3.4773 4.25221 9.15992 
3.62522 5.69775 9.75858 
3.64376 3.9845 7.46466 
0.641458 2.85959 9.02484 
2.4096 4.60021 4.57878 
1.69892 3.99572 1.6748 
2.03657 7.85162 1.68255 
3.92588 5.99882 4.92478 
3.04565 4.92931 1.20135 
3.25817 2.1466 3.6972 
0.217407 9.13404 0.976417 
3.63425 8.21795 6.91502 
1.74107 9.3563 7.08592 
5.25554 6.53193 7.18528 
1.06285 6.84485 1.74467 
0.943503 5.95056 0.363372 
7.20216 4.28875 2.90818 
4.1378 9.93619 1.6845 
9.18802 7.53573 3.94451 
1.92367 3.21939 5.09817 
0.262753 3.18718 2.37842 
0.134468 7.28057 0.27611 
0.986541 2.01263 2.63434 
2.73049 1.13623 7.27293 
7.00851 6.31806 2.01144 
2.83943 9.72497 8.24781 
7.811 9.32539 5.06921 
9.25345 9.44764 4.11155 
2.50841 5.15751 2.22572 
1.75865 9.85272 1.30042 
4.3875 5.37959 7.85757 
4.1328 6.24532 2.42704 
8.85424 3.56859 2.20501 
0.167935 5.09733 7.92877 
6.54799 8.04848 8.36899 
2.67118 9.01875 0.457238 
0.37735 4.14771 1.0582 
9.32052 9.01888 5.47561 
2.45597 7.24117 7.16727 
2.99369 9.36149 2.2706 
2.6158 3.1959 1.21618 
0.959474 9.52572 0.222813 
3.5373 2.20697 8.62037 
5.75527 9.80142 8.02324 
6.97635 4.46063 1.37744 
8.0309 2.47603 2.04307 
0.271621 4.65476 0.00799474 
0.970703 5.34796 9.905 
1.91528 5.42903 0.648757 
6.91949 7.74154 3.21176 
5.02894 9.10673 0.37623 
4.07795 7.91397 0.719266 
7.10346 8.98303 1.56395 
3.577 3.96048 2.61529 
5.00159 7.05851 9.6884 
6.10247 6.99991 2.0775 
2.86417 5.58565 8.77914 
3.13598 7.03977 0.0211769 
0.853193 2.1486 1.48944 
0.844814 3.09218 5.30418 
5.65362 6.84149 0.849761 
8.16588 9.47066 2.95837 
0.991705 8.43522 0.588035 
7.93523 6.73424 5.29946 
2.77901 4.99695 5.70191 
6.55087 6.30302 7.19175 
6.64718 9.9434 6.87561 
7.10984 5.1048 3.70208 
6.94047 9.17396 9.50556 
5.13944 4.99085 9.01369 
0.0472166 6.44403 2.1651 
2.5938 4.27807 7.82216 
0.20901 2.79694 0.777839 
3.67786 9.85538 0.414013 
4.85201 7.63122 3.18192 
4.91377 9.5674 4.83575 
2.87464 10.0847 9.3783 
2.31715 3.92917 0.439843 
2.18584 2.22177 5.82803 
0.006845 8.30512 8.85361 
1.11731 6.11619 5.91004 
4.64879 3.97229 8.52509 
2.91383 6.77753 2.4571 
5.85586 8.77648 10.0092 
5.22711 4.14072 2.98032 
7.60513 8.24457 4.85979 
7.80598 3.21585 3.34297 
6.03426 9.01007 1.843 
6.66214 9.02824 7.54829 
3.44097 2.82643 6.9191 
9.35783 6.12672 3.53526 
1.96941 7.11759 0.258277 
0.788581 1.84947 7.89795 
4.53702 3.71033 1.47128 
6.36091 6.9685 4.36106 
4.311 9.68006 9.20979 
0.347504 10.0868 9.75821 
4.29178 3.8903 5.99112 
8.34063 7.34586 3.13369 
0.110597 8.10558 1.55279 
8.22345 10.0397 4.29572 
3.86849 6.22926 1.25786 
1.78099 1.3891 8.24187 
0.233214 2.14611 3.52143 
7.04968 9.29879 5.99538 
8.5711 5.37732 2.43901 
6.60643 7.99177 2.11113 
8.89308 6.27464 5.66745 
7.68015 7.23806 1.86382 
9.02856 4.80467 0.853908 
2.66395 3.43684 3.29777 
7.83518 8.28413 2.29568 
8.6314 6.23355 1.11566 
5.71156 7.81718 0.0541547 
5.51167 9.86136 3.55975 
5.3163 4.4368 4.48707 
9.82523 4.87001 4.07101 
7.09826 4.62358 6.77982 
3.26163 3.51828 10.1306 
9.59858 9.25135 2.86234 
2.76404 4.11177 6.38986 
7.52172 8.00196 6.63943 
1.21788 0.992069 6.57559 
7.87904 8.60535 7.77035 
4.75602 4.38853 7.16624 
2.77825 1.1839 0.782488 
6.06065 3.58088 5.36994 
3.33324 3.80127 4.31205 
3.95083 4.82949 4.78298 
4.14789 8.23385 4.62151 
6.67692 9.46388 0.575435 
4.81199 6.93886 1.56261 
1.6393 1.06292 5.48814 
6.78089 7.36055 0.932251 
2.79674 1.56598 2.26887 
1.23876 0.469908 4.36215 
4.08282 1.21205 6.30548 
6.91012 5.96617 9.15523 
7.66334 7.16662 7.71952 
9.79997 5.37213 2.5383 
9.50747 7.05338 1.58438 
6.90599 7.12311 6.35893 
8.93166 9.42751 1.15285 
6.08941 4.51576 6.22963 
8.44017 8.89598 6.36037 
6.12912 3.59774 9.99262 
5.05897 10.1155 2.45389 
7.14407 6.04012 0.074058 
5.97734 6.59938 8.94334 
1.48188 1.58217 4.26283 
5.47926 9.94754 1.23243 
1.35599 2.66924 0.657653 
4.41284 3.27435 5.02435 
5.21772 1.31112 5.24489 
0.0618949 3.76386 9.29993 
0.207445 0.430892 6.9765 
2.99761 0.293942 8.36992 
1.34914 3.13931 2.69235 
7.85432 7.54262 8.74232 
3.51315 0.947412 3.81514 
6.08465 3.87045 0.298056 
8.40373 9.50486 9.41498 
9.6384 7.97927 2.44711 
8.67877 8.41979 3.14276 
2.25588 2.81978 4.12626 
2.53564 2.20854 8.07146 
9.05835 4.50846 2.9091 
1.45167 9.78579 3.38993 
4.94017 6.11464 0.431434 
6.48709 1.22352 1.23484 
4.89106 1.84476 7.377 
1.95599 0.0698526 8.08599 
5.09357 3.54339 9.50619 
5.884 3.84429 7.51398 
5.18382 5.31329 5.70578 
4.38859 0.293375 4.42839 
4.57147 10.1404 8.18521 
9.02796 10.0242 6.82739 
4.51899 2.35171 3.78325 
3.93079 2.1936 9.74623 
7.95132 5.74135 3.36499 
8.75093 5.66837 4.66374 
4.48774 2.55852 1.52729 
7.59219 8.20129 0.378413 
7.28462 3.53955 1.90392 
9.19775 8.14653 1.44033 
3.92277 2.52606 2.6642 
10.0855 6.59774 5.22292 
8.3434 1.86712 3.90962 
3.06707 5.75468 0.472797 
4.31333 0.347543 9.26438 
7.15517 5.18265 8.1709 
6.25294 5.65344 1.18964 
6.08796 3.43025 1.92084 
3.40162 0.675818 5.13313 
7.44304 3.29944 6.94479 
4.41616 1.47812 8.36729 
5.18475 7.58834 8.50552 
6.95403 2.88832 4.73794 
9.91197 8.42982 3.96015 
8.34242 3.94016 1.20479 
5.76071 5.17135 9.9544 
7.9358 5.36678 0.510079 
4.37539 0.933944 1.59611 
6.39527 10.1472 5.40898 
8.24111 1.41984 5.04304 
0.202701 0.587045 5.86492 
9.53192 9.66838 9.01512 
9.83767 9.07995 6.72075 
0.22848 0.613578 9.04052 
2.56198 1.1571 4.49282 
3.95058 4.98 2.21843 
3.09936 0.515988 2.71421 
9.91473 6.04447 1.3242 
6.05929 0.8819 3.2671 
10.0852 8.7356 7.84111 
8.69273 1.11369 1.06094 
6.69741 6.81787 10.0097 
0.0147872 3.95073 5.4106 
6.83222 8.01754 9.80725 
8.55821 6.99379 9.43573 
5.86686 1.02575 0.128419 
4.10976 2.45555 5.87902 
8.48483 9.84714 8.33346 
8.80109 6.41025 7.73606 
3.81346 2.62963 0.0187317 
3.53534 6.81363 9.8834 
8.84002 7.99901 6.88567 
7.70358 10.1516 1.30545 
8.78555 7.71126 5.66533 
8.69292 5.27538 8.34815 
8.45438 7.56823 0.834965 
7.84605 8.47131 10.087 
8.77957 0.697026 2.84243 
6.12825 1.88729 7.56225 
5.62343 1.69433 9.24737 
7.36913 6.11252 6.47693 
4.55265 2.91265 7.23617 
7.48281 4.07856 7.84745 
9.2726 7.84052 9.58618 
0.824022 3.73455 6.75859 
5.48187 2.4369 5.93318 
7.16648 2.72556 0.223392 
7.28116 9.26012 8.44368 
6.23991 0.359667 4.51411 
6.23756 4.2916 8.46992 
9.79187 0.769593 0.13074 
4.11673 3.91936 0.0880518 
0.0261021 1.30751 9.87499 
9.7564 3.95419 0.954045 
8.8856 3.13482 4.22498 
2.82177 1.41925 9.20586 
2.95267 3.18983 8.79783 
9.04773 6.44088 2.43837 
3.25575 1.7861 5.41168 
9.45269 9.96068 10.1115 
6.04471 2.7765 8.2333 
5.85677 2.18649 2.92183 
9.17265 7.57514 8.13793 
7.27965 4.32576 0.0710643 
9.88329 8.06478 5.59896 
1.69314 0.791675 2.99748 
0.26022 5.50811 1.30761 
9.65852 2.39232 0.254611 
8.84413 2.33061 5.79214 
5.58714 2.48487 1.09666 
0.554421 1.67198 5.9844 
8.95798 8.61461 8.79352 
6.34493 0.701988 6.75485 
4.92436 0.198983 2.22024 
9.92392 7.97372 0.567341 
3.86594 0.00503726 7.00743 
0.782899 0.361451 8.01899 
10.038 9.94006 1.45436 
3.94199 1.0069 0.520518 
8.63968 3.88078 6.51432 
9.93819 4.97299 0.19061 
7.05176 1.60723 2.37678 
7.47986 0.691499 6.13877 
9.76696 9.12563 0.00815799 
7.20125 3.68565 5.8932 
7.93391 0.47141 4.44275 
8.97872 5.98697 9.82955 
8.99001 3.84052 5.45046 
0.131732 3.06109 4.44137 
5.61965 2.79287 4.67268 
10.1129 3.85083 2.46186 
8.9307 0.986472 5.82285 
2.43334 10.0911 0.236989 
8.50474 5.11333 6.70873 
7.34741 2.15808 7.11683 
7.30695 4.98029 5.7534 
9.23439 2.94187 3.12349 
6.14012 0.0636618 2.51612 
1.5903 5.69593 3.78577 
2.87222 0.764749 6.15341 
8.4175 6.93739 6.72017 
10.0768 6.62129 8.93071 
6.23551 2.82863 6.97834 
4.75122 1.09657 3.2749 
0.986559 0.211378 1.27413 
0.750915 3.27767 10.1494 
1.75111 0.23513 9.28122 
6.83084 1.57346 4.68675 
2.10823 0.190178 0.934719 
6.93123 0.0576683 3.58148 
4.58609 3.78312 3.84282 
1.44663 5.30557 1.67951 
6.67419 1.73313 6.28742 
9.41331 1.97638 2.42074 
7.74712 10.1329 6.71409 
8.47626 2.14488 0.208345 
4.87243 1.77441 0.400489 
9.82131 1.45103 4.2524 
9.94975 5.4256 8.8497 
8.48075 3.06194 9.14708 
5.68766 3.10843 3.61533 
9.89499 2.62806 4.20896 
7.68283 2.66251 6.05407 
7.52019 0.864212 7.35843 
1.61583 1.14979 1.56597 
10.0365 6.59688 10.1038 
9.98177 8.68508 9.96089 
0.652565 0.0679535 3.21478 
4.82051 2.55503 8.83972 
9.77642 1.72145 1.13284 
6.21936 0.26281 8.76075 
7.54295 1.73536 9.03967 
1.94446 3.23854 9.95804 
5.78182 0.614806 9.89976 
7.83665 5.71415 7.45138 
4.98029 6.41324 8.44685 
0.333829 1.83754 0.060552 
5.40129 0.670538 7.87347 
2.94989 0.589524 10.1518 
10.1561 4.91801 7.60993 
7.4177 0.0733123 8.56798 
7.52893 4.54634 9.04282 
10.0172 1.75731 6.25709 
8.95079 0.0152438 1.43961 
5.94996 5.46322 0.0474458 
10.102 3.04107 5.91268 
10.0249 2.78077 1.45143 
9.98062 5.43963 5.21636 
8.53261 4.43307 9.48233 
1.99505 0.0803474 6.04262 
0.886858 4.1866 2.50366 
9.80756 3.41241 7.86618 
9.32842 2.71578 7.04144 
0.655283 9.68737 1.8613 
2.03777 2.07346 3.10359 
9.98768 0.159406 2.05274 
8.38912 3.04462 7.87461 
6.7691 2.0102 9.98497 
6.76329 2.84578 2.9002 
0.239307 0.0340018 10.1609 
9.32719 0.00274274 5.48839 
10.1407 6.72462 7.28987 
2.75799 2.41405 10.0807 
4.36988 4.73758 9.89885 
5.58759 1.66648 1.91671 
9.17675 1.8452 8.65698 
7.31632 0.126186 0.911164 
2.02071 0.0262103 2.03381 
2.24931 2.19744 1.55133 
5.01858 0.443865 6.328 
0.183162 0.929517 1.621 
0.0330515 0.612592 0.396013 
7.90245 0.536711 0.0615166 
1.36139 1.05004 0.232235 
3.27852 0.103944 1.61412 
9.64233 5.41281 6.5505 
9.99606 1.14809 3.1034 
8.7783 0.429547 8.21416 
7.87791 5.25175 9.87183 
5.19919 0.18534 0.970013 
7.78495 0.699439 1.9283 
3.36675 2.12936 1.49404 
9.30424 3.54761 9.8539 
9.32418 4.24508 8.65713 
9.76023 0.385341 7.15204 
7.34854 3.09059 9.0352 
7.55049 3.73152 10.1071 
4.56508 9.0554 10.111 
8.30361 9.15604 0.15482 
4.14939 2.12485 4.8201 
8.80988 1.05851 7.20799 
9.7434 0.247783 3.86103 
8.9734 4.93861 5.68027 
2.17454 9.29633 10.0447 
1.46568 0.996657 10.1605 
7.42798 1.39725 3.45828 
8.14116 3.52104 0.192198 
7.7041 1.73483 0.884759 
6.98595 0.855346 9.39453 
10.1146 4.07819 6.42029 
5.57736 1.71322 3.87519 
10.0673 2.58015 8.60187 
9.92658 7.71805 6.78282 
0.0036824 7.79743 2.99416 
6.02922 5.18278 7.80007 
8.20141 0.440674 9.57236 
9.86468 0.938875 9.10063 
6.21887 0.191482 5.61124 
8.74439 1.50151 9.67553 
10.095 6.89518 2.88502 
6.01537 10.0262 9.07485 
9.51957 4.77855 10.1107 
10.1181 8.8293 1.74804 
8.27642 1.6893 7.95024 
0.42568 1.44149 4.68774 
8.01372 2.51109 4.92317 
9.62657 9.77725 7.72042 
3.60352 1.88864 7.51149 
8.4279 2.02896 6.82923 
10.0027 3.75496 3.74176 
9.99147 0.998908 5.35338 
8.1393 2.64022 10.1423 
10.1419 7.93567 8.76033 
8.10062 6.2187 8.57728 
9.95519 2.49866 10.1355 
9.8113 0.330496 10.121 
9.96315 1.68741 7.66056 
7.53379 10.141 9.7286 
