4 6 6 
6.56255 4.48068 3.79701 
4.42615 1.365 4.0319 
0.818819 2.28402 3.01805 
0.404757 2.79997 4.91725 
1.57833 6.26601 2.85254 
0.416326 5.27001 0.0728042 
1.08509 9.75843 3.73942 
1.66159 4.98838 6.39661 
2.9234 3.52154 2.55798 
4.38286 1.87617 0.692533 
1.93973 4.36225 4.31902 
4.12602 7.78987 2.33611 
5.77787 5.32051 1.87328 
9.26666 4.66765 2.6232 
0.202827 5.94038 5.32361 
4.6093 2.44106 6.1034 
7.29699 2.62376 3.36978 
7.32685 9.40608 4.08492 
2.23692 0.953268 5.24183 
0.542711 0.107145 2.62338 
1.79611 7.48122 4.88426 
8.00777 3.97562 6.87872 
1.40382 7.12967 7.2006 
0.24832 2.43131 7.41893 
4.81626 0.10644 1.7315 
2.2991 2.04508 8.1859 
0.412271 0.123658 7.61401 
8.56711 5.81438 5.11588 
2.52807 0.603183 10.0202 
1.75044 4.82731 9.22817 
7.30878 8.43163 0.818152 
2.40102 4.21832 0.362132 
4.47471 6.33332 8.4938 
8.88387 5.86135 0.336589 
0.0682728 6.68287 1.49767 
2.65641 10.2049 7.93653 
9.59039 8.29679 3.04636 
3.03554 8.31267 9.02383 
6.86185 0.33645 5.96137 
8.53168 1.08618 9.36025 
3.93265 4.16914 4.98708 
8.00068 2.77985 0.761931 
4.88431 2.81474 8.5595 
8.05344 2.01415 5.12139 
5.44145 5.14013 10.2706 
4.78908 6.17394 4.07564 
4.74462 7.39504 0.176328 
9.9711 1.03018 2.4332 
0.342209 1.80007 9.84734 
0.0241139 5.31886 7.5667 
4.72823 0.401433 8.07595 
4.87775 9.99775 5.58229 
4.90053 10.3589 0.812004 
5.1835 9.03347 7.85735 
8.52689 7.4131 6.6128 
4.67785 7.90082 5.77224 
5.16858 4.55655 7.34248 
1.92645 9.89645 1.82983 
9.9673 2.43483 7.12575 
3.0508 9.59039 4.71721 
0.808594 8.92562 0.0808794 
0.322293 0.0378189 4.7292 
8.69191 5.75482 8.96024 
6.2001 6.35 6.57497 
5.249 9.44598 2.84563 
9.14843 10.0028 1.10165 
7.1533 9.61176 6.87699 
2.27662 0.919882 2.0147 
7.95488 1.53021 7.31975 
10.3369 8.91153 6.25087 
6.99476 2.38933 10.1868 
10.1823 3.74838 0.0369091 
2.59999 6.55732 0.595828 
7.55835 0.761476 2.38112 
0.678664 1.82193 0.714 
7.44614 7.53908 2.8282 
10.351 1.3981 4.65954 
3.40801 2.58597 10.3719 
6.34839 9.48656 9.75956 
9.80229 7.44752 8.99167 
8.26125 8.59317 8.41941 
0.143367 8.66604 5.9451 
6.70987 7.3813 10.3418 
0.150682 3.97296 1.89935 
10.238 4.65108 6.04486 
10.0835 4.33498 8.65014 
9.93922 6.30239 3.56911 
9.14321 9.849 9.91576 
5.72585 2.91951 2.08242 
10.2763 2.14917 10.262 
9.48876 1.02725 0.141176 
6.90976 4.30777 9.14146 
0.806841 8.53144 9.06184 
9.66559 0.224399 6.82173 
3.06457 8.52126 6.8457 
3.06932 8.89883 0.328696 
3.43998 5.49083 2.36411 
3.77737 10.3626 10.1701 
0.704173 6.66313 9.95906 
5.70249 3.98269 0.367731 
