0 20 24 
0.572095 24.6976 21.2159 
3.01079 22.0966 25.8077 
4.76884 20.9017 19.4379 
5.16391 21.5512 22.864 
4.30571 18.4984 25.6002 
0.440583 19.4358 19.4279 
1.87758 16.1438 25.3537 
4.16797 15.2259 18.5941 
8.97268 17.6271 22.4701 
6.98961 14.3733 23.5725 
5.21932 24.1199 25.1162 
10.3645 20.6053 23.7455 
7.67321 25.5452 22.0999 
1.05917 21.4048 16.9934 
7.95741 22.0713 21.7101 
9.00223 25.4803 25.4574 
6.63558 25.3127 17.8291 
3.86745 18.7942 22.5991 
2.478 16.5292 15.6882 
12.085 16.4595 21.238 
10.1474 22.4236 18.3038 
6.74722 16.9814 17.217 
12.668 21.9892 21.1194 
13.2859 25.8165 22.0435 
15.4843 20.3353 16.3697 
8.43834 18.4424 19.2341 
2.09279 13.5618 21.2533 
7.53887 20.9819 16.803 
14.5219 18.0012 22.1174 
4.28285 21.7227 16.1923 
7.30067 11.3868 15.5092 
14.3234 18.7146 25.1458 
13.8131 16.3037 18.3063 
10.25 13.9577 21.0095 
8.08864 25.678 12.9311 
7.80859 19.4827 25.4797 
0.212907 24.8817 17.7034 
0.587825 13.0475 24.8144 
10.5891 25.8287 17.3681 
3.9585 22.7758 12.708 
4.90021 11.335 25.2613 
18.0652 17.8236 21.8802 
0.560547 24.3339 12.4325 
8.94851 12.0224 24.5172 
3.0043 23.5236 18.341 
15.7126 22.1273 24.3349 
12.575 14.2457 24.8724 
18.4219 25.589 22.9482 
0.395131 23.8461 7.20372 
2.02868 20.1848 14.0018 
16.5414 23.4175 21.3145 
10.4257 22.7564 14.5778 
11.9199 25.4683 11.9325 
8.15867 10.9197 21.4498 
15.5997 23.4504 17.1309 
11.3358 17.9423 24.9093 
14.7803 20.5773 13.0841 
10.2698 9.00621 25.5151 
11.6585 10.4975 17.9298 
19.4215 25.7468 18.7421 
8.56035 17.9918 13.5129 
2.69607 18.2296 10.7793 
1.14599 16.488 20.3093 
3.45748 14.8187 13.1408 
3.00921 9.11665 21.7214 
15.7178 14.8801 22.4816 
22.1003 25.6844 20.4573 
7.26793 9.1921 18.9882 
0.403551 13.5851 17.716 
11.6926 23.0109 25.0126 
8.99035 13.7207 10.7704 
17.1059 17.638 13.0302 
19.3439 21.1663 17.72 
4.68501 9.07906 16.6307 
17.7829 20.7556 12.4561 
11.0037 15.0508 15.8963 
3.83947 24.886 21.508 
17.4618 18.8473 25.2472 
19.7811 23.55 20.895 
7.3227 19.9161 10.391 
6.86028 13.0792 19.4849 
21.5167 21.324 22.401 
0.778821 9.25802 24.3774 
5.02847 21.236 8.41844 
12.85 8.86766 23.8397 
14.0148 19.7622 19.0768 
20.738 21.0914 25.6566 
11.8322 19.8236 14.5898 
15.0729 13.1865 18.12 
20.3935 22.4709 13.1004 
8.82346 7.87937 21.2246 
16.2012 14.4912 25.8387 
8.15085 6.842 25.4642 
1.70629 25.2595 15.0472 
14.3266 12.1196 22.6797 
9.23077 21.7238 8.72376 
6.94457 16.0354 20.2154 
16.3618 24.7357 9.20193 
7.71684 5.747 18.2326 
7.31932 22.5745 12.7932 
13.5565 17.4672 11.6285 
24.9302 21.423 23.9363 
23.2172 18.6176 20.7881 
12.7308 2.53994 18.4246 
17.5222 17.8609 17.2259 
2.32925 24.379 3.5743 
12.0594 1.16995 21.1849 
10.9575 5.72101 16.4019 
2.36505 21.0702 21.3371 
15.0283 12.2508 12.6544 
15.1047 6.9189 25.8655 
1.00759 21.2068 11.1898 
7.99747 6.19258 15.0705 
5.70676 24.5404 5.21341 
13.5966 10.3476 14.6883 
7.2203 14.6368 14.2433 
14.2999 14.1743 10.1517 
24.0758 24.3616 24.5272 
5.66643 7.6524 23.6665 
21.0274 12.9777 20.9511 
17.9174 14.7393 14.2874 
12.2159 5.58849 25.3206 
14.434 17.0327 15.3833 
20.0749 17.0677 19.3936 
13.8307 2.45512 13.0719 
1.63072 8.77455 18.5467 
10.8345 8.6569 12.7329 
3.61105 18.4718 18.1047 
20.1065 18.2225 14.154 
6.89633 10.6621 12.1973 
12.2656 20.5962 10.8537 
20.2378 14.4735 25.6251 
3.25036 15.0012 9.31568 
21.987 16.0447 11.4202 
8.92418 24.3287 6.59418 
12.0984 13.6055 13.0062 
18.166 11.8819 16.2443 
17.0094 7.7241 14.2688 
9.18309 15.7446 25.8743 
24.1613 15.2705 24.9239 
22.9591 21.5624 17.1573 
4.23062 11.9797 8.80595 
15.228 25.477 24.687 
11.521 20.0754 7.7088 
4.85394 21.2187 4.88431 
23.0968 15.4248 15.2784 
17.3287 24.6624 14.3563 
3.12087 11.3367 13.0631 
10.0455 18.3593 10.2308 
18.1919 21.7845 7.05236 
24.3098 23.7339 19.1096 
2.00982 24.2955 9.72533 
21.4107 7.84461 19.1414 
12.1468 10.2666 7.74925 
14.173 6.70288 19.8682 
13.7727 1.62701 23.9096 
1.22752 10.812 8.50086 
7.30937 16.8587 6.65639 
25.0225 12.5471 19.2348 
9.49418 9.20588 15.6397 
6.55855 7.28756 12.5191 
14.3672 24.8398 13.8092 
3.91257 12.0435 17.37 
14.0532 5.27081 16.2906 
6.54569 9.4362 8.24694 
18.1638 14.7297 20.674 
18.1842 7.70189 24.1356 
0.702353 8.71951 14.8127 
20.8204 10.5752 24.6643 
5.46562 25.1954 9.09487 
21.7239 25.2657 13.6693 
13.5203 4.65498 10.0737 
24.5821 25.2735 16.3623 
4.91478 4.12148 20.6266 
15.9134 9.87214 25.3235 
16.4714 8.56975 20.7061 
8.80569 18.5359 3.56326 
17.4044 3.19924 23.6205 
9.09811 7.64819 10.4628 
18.2734 16.0322 8.93551 
10.1454 4.38366 23.2212 
22.4944 11.7916 14.8563 
20.3765 20.0938 11.0442 
20.9395 5.0146 13.6437 
20.8102 6.28286 25.4472 
0.596175 6.61776 7.15896 
6.99946 13.7535 7.9759 
17.3902 20.5011 20.6311 
3.99196 4.39154 24.1262 
15.6643 19.3672 10.3919 
1.38208 6.2881 24.7406 
3.10213 7.25982 12.0889 
13.0641 0.16574 16.0236 
21.317 18.8973 17.2913 
19.2401 25.0022 11.5651 
24.7689 11.9832 22.9089 
6.86775 0.660176 21.6744 
25.6605 18.8962 12.1124 
14.0162 21.8169 8.70312 
13.8095 17.6539 8.47662 
6.48323 2.56616 25.1674 
21.1507 17.9551 8.72878 
22.9589 15.268 21.9753 
14.5146 21.1921 5.62548 
18.233 18.7505 6.35814 
11.2498 10.5313 21.3008 
7.61522 20.9331 6.18281 
23.2054 9.5214 21.9442 
17.8176 11.3206 21.3634 
11.1367 15.5374 7.68163 
16.1646 10.007 8.85062 
17.0922 1.31743 15.9751 
20.2072 6.19848 21.3924 
23.4222 23.369 9.4653 
21.9944 0.996629 25.8832 
0.940683 12.7108 14.5996 
13.893 14.9336 5.80481 
23.9999 22.689 13.9261 
16.4003 5.30895 21.4081 
0.101993 9.036 5.41066 
0.25708 11.172 20.0304 
3.13667 6.26254 17.6251 
1.62678 2.98433 22.4554 
6.80335 1.83435 16.9356 
4.52052 1.94562 13.9636 
18.1807 11.8862 10.5814 
17.333 3.24802 19.3336 
19.5165 7.43735 16.5658 
17.1782 10.0902 3.72663 
5.42913 6.53922 8.74977 
24.6205 6.32474 19.0758 
17.8112 2.15248 12.8945 
17.0985 13.3825 7.83809 
5.40625 25.8546 14.4617 
23.7434 3.09979 13.769 
16.7991 6.18057 17.4002 
4.63493 15.594 22.1289 
10.9509 9.95605 4.60199 
1.83268 20.9433 8.20835 
11.9761 4.67072 20.4929 
8.04677 12.2518 4.04885 
22.14 12.2179 10.1465 
20.4574 1.98114 18.2351 
16.7683 0.647324 20.8944 
18.5895 15.977 4.39745 
21.8788 1.42195 22.7753 
15.1348 11.0897 5.94382 
21.5011 17.2202 5.81672 
9.23585 2.17822 18.8972 
25.852 7.02812 23.3426 
20.297 13.6746 17.7871 
18.4239 5.46238 8.59997 
0.196657 0.0486553 19.0956 
14.7987 14.0442 0.803027 
5.36257 9.79305 5.44199 
15.0134 18.9957 3.54218 
13.0926 24.7273 5.44928 
1.57103 5.74033 20.6606 
23.8578 20.2759 8.06904 
0.0825298 19.3146 4.70487 
5.01191 14.6894 2.68304 
5.66079 16.7171 11.8525 
7.11126 22.3538 2.04229 
20.1348 0.285549 14.7654 
1.98239 16.8865 6.08948 
1.95234 3.69844 15.5178 
25.7511 10.184 16.7882 
0.0238044 16.9616 12.0248 
22.2662 14.2784 6.16979 
20.6557 24.9256 6.59538 
8.63902 2.58772 13.24 
20.8993 9.43878 9.01286 
16.1615 0.0654144 8.0091 
7.27083 25.1664 0.360159 
13.0437 24.7964 9.15873 
22.8048 19.4405 13.1406 
0.0854074 16.2328 3.59213 
2.81581 1.38733 18.1176 
10.3844 22.8264 3.71768 
13.8425 6.53324 12.7569 
21.6499 10.9637 1.69817 
8.62135 14.872 2.25153 
2.37086 0.0644681 25.0296 
8.78957 4.61951 6.96039 
16.7082 6.13631 11.5287 
4.20384 0.0685439 11.4712 
23.8027 18.3666 24.0982 
24.2896 17.1585 9.68254 
0.623311 8.19967 10.2411 
0.326727 17.703 0.00577675 
3.22427 3.78573 9.58846 
19.5072 2.74312 9.81774 
18.533 24.0242 2.78617 
4.8216 12.2077 0.267959 
7.14837 6.64045 3.14859 
8.7393 9.46399 1.92095 
23.0192 0.326902 18.2319 
24.656 12.3017 12.4692 
11.5444 15.5452 2.92789 
20.7218 8.23484 12.4519 
3.83893 18.8089 2.89032 
23.6847 6.87575 15.0783 
20.3483 24.7428 25.1761 
17.1906 11.3344 0.852188 
23.0394 13.8122 2.10621 
11.0106 4.56361 13.3581 
4.65285 5.60778 15.0144 
25.0758 25.533 11.799 
25.4997 8.9437 12.7112 
25.847 4.48496 10.0514 
19.0605 9.75826 6.2194 
0.0636214 3.19808 25.1859 
0.202969 5.21856 12.6008 
23.012 5.29801 22.1902 
3.87918 23.2628 1.13763 
25.157 2.13437 19.718 
22.8037 6.72923 10.176 
14.7586 9.45662 18.141 
6.46533 2.19668 6.5954 
24.0041 1.27009 10.6158 
5.75173 19.9717 13.1118 
17.6748 16.2055 1.37878 
3.19163 25.8222 6.42177 
15.1116 2.10532 10.1528 
11.5583 21.8656 0.804048 
24.2298 19.3724 2.63935 
25.72 20.4329 19.6221 
15.5778 0.164583 25.8334 
0.221896 21.3542 1.27269 
21.2435 22.0432 5.45217 
0.74955 1.74905 13.4082 
1.63899 12.9178 0.452431 
23.7224 9.96916 5.17641 
13.159 7.39174 6.54515 
10.9457 0.918048 7.18498 
4.0673 3.57672 4.12395 
8.33868 19.5783 0.294691 
0.0123987 5.7652 3.49745 
15.1897 2.12409 5.80731 
2.47555 25.3867 24.6333 
17.8269 19.3083 0.572792 
24.3176 8.98224 8.51945 
1.0189 0.909414 2.99998 
25.8697 7.73755 0.653939 
25.087 22.5226 1.17578 
0.031627 2.71358 8.05439 
25.1907 12.6038 6.18084 
9.27642 0.486816 24.5873 
13.9776 9.45991 2.669 
25.8699 15.9088 11.9321 
24.7686 9.62309 25.8841 
19.5048 7.01676 3.14771 
0.756757 9.29418 2.10304 
22.0348 6.80012 7.21848 
6.28235 4.47054 11.3042 
11.615 12.027 1.97192 
22.2733 3.63727 5.9967 
19.5945 1.72635 5.77621 
24.8671 3.22257 23.5297 
24.7092 0.2508 15.1653 
2.32582 12.3077 5.37187 
25.1649 0.864057 7.30623 
24.3319 7.11184 3.28357 
19.626 18.756 3.57225 
2.80914 4.82857 1.34282 
14.7606 7.40763 9.32769 
5.14396 8.62878 1.04751 
22.7185 17.1406 0.200963 
9.77777 4.21426 10.3292 
25.3907 22.761 5.31052 
25.4189 18.1833 6.40214 
22.2228 22.9052 2.38721 
20.7701 17.079 23.1252 
3.56296 16.6568 0.395536 
18.0796 5.51145 5.58978 
9.71059 6.70844 4.72296 
24.5613 0.326223 2.7538 
22.2088 5.34359 0.902633 
9.67885 4.45757 0.15315 
13.9631 5.12075 2.05238 
20.3522 12.8988 3.82549 
9.12098 10.8991 9.60359 
25.6385 20.1374 16.5653 
6.48902 1.52524 9.65513 
24.8482 3.4856 4.16662 
18.7599 3.91713 15.5461 
3.81561 6.45573 5.30858 
25.0156 25.0112 2.96823 
25.8514 14.1463 3.69377 
21.3803 1.63328 2.47371 
25.0527 5.97844 6.24315 
15.9681 1.95243 0.615853 
24.9545 12.0405 9.13938 
19.1259 3.75809 1.56928 
15.7619 21.8654 1.14671 
18.4933 0.539741 2.78994 
12.7344 1.61046 2.51337 
0.146236 14.2609 6.80363 
11.9925 7.63834 1.32697 
7.59193 1.83752 1.08122 
11.6065 0.270692 12.8407 
10.7007 12.802 5.68451 
16.3943 24.4096 4.92605 
16.8141 13.7507 3.13886 
9.70792 2.14656 3.7108 
2.51884 0.380718 8.63344 
4.00954 0.138447 4.65067 
21.3223 1.46592 12.0063 
12.0858 3.9296 4.89853 
9.43644 0.888514 15.8546 
25.4873 17.2433 17.7742 
25.8067 16.7783 21.0403 
4.55047 14.8647 6.56491 
16.6491 8.34034 1.18704 
24.8923 11.3335 0.340059 
22.8814 0.321699 0.217944 
14.3229 25.6264 1.89955 
24.5916 3.53917 1.10318 
21.5268 0.501014 7.80831 
10.2547 0.289454 0.412148 
20.6297 20.2825 1.18221 
12.0174 19.425 3.0504 
24.6701 25.8837 7.93131 
0.0839336 16.3887 9.04878 
21.6001 4.66424 16.5835 
20.112 13.1827 0.0212168 
4.51264 0.856765 0.825744 
13.5773 19.538 0.247537 
21.9426 25.6921 1.07105 
1.12057 3.08027 5.1433 
0.189356 3.22235 0.100514 
