16 20 11 
14.7821 16.7974 12.7176 
18.1064 20.7313 11.1636 
14.8257 17.5728 10.4364 
17.6686 21.4339 9.19991 
13.1194 19.8758 9.96693 
18.5015 19.5071 7.90043 
19.4492 19.413 5.71199 
18.3512 17.572 11.472 
21.7844 20.5304 11.8602 
17.8596 14.7718 13.2479 
20.0444 22.3313 8.0543 
16.2539 15.4518 10.4231 
20.3983 21.0187 4.86793 
20.5732 25.2984 7.11329 
18.9908 24.1739 8.24297 
23.7875 21.8071 11.5048 
19.0622 17.1503 8.31236 
21.9707 22.2308 8.86112 
20.56 18.5947 2.38003 
20.4378 21.0345 9.86133 
22.3234 20.6131 13.8276 
23.5715 19.105 14.8098 
18.018 13.3987 10.4145 
15.5898 18.4772 8.13307 
17.5698 20.2856 3.8396 
18.5571 15.6824 6.46928 
21.1532 23.3922 11.0322 
14.8592 14.5163 13.4582 
24.8986 18.5044 10.2404 
12.4861 22.7588 9.1451 
18.5825 16.152 2.63355 
14.2928 22.4309 10.702 
15.9202 19.6395 14.306 
24.2127 17.0191 17.0938 
25.3014 22.9195 7.99851 
17.4264 24.41 6.47744 
11.6452 19.2454 13.6044 
17.6499 24.6803 10.9599 
15.5567 15.8392 8.30251 
24.5204 25.3377 9.96197 
15.5361 17.0968 6.20561 
24.1254 19.4701 12.4922 
23.8939 21.2304 15.8806 
21.024 18.6117 17.8831 
20.9171 18.012 10.2223 
23.1515 22.765 6.56078 
18.2665 12.2481 2.89544 
16.6557 13.766 7.76124 
20.303 23.641 5.05979 
23.6155 19.6563 8.43147 
16.3639 21.6042 16.6164 
19.8009 13.4766 4.51597 
25.1369 18.5207 18.8679 
21.7492 19.3914 4.85053 
21.6114 16.935 3.21888 
16.4335 20.2734 6.26848 
15.4554 22.8253 7.0967 
23.0698 17.4568 12.3457 
22.4901 24.34 4.80948 
14.3985 24.4831 5.14807 
20.2545 22.6682 13.5525 
9.60678 18.6512 13.8734 
20.6431 13.5954 1.87334 
18.4671 22.7559 5.15006 
22.4682 20.2104 2.56017 
16.0409 23.3262 3.2323 
23.2478 17.6844 4.93906 
20.0168 20.5332 15.5442 
23.4678 16.89 2.39327 
25.2336 18.7525 7.55612 
14.7817 19.7891 3.40469 
21.435 17.8022 6.7305 
15.4017 21.5491 4.53995 
18.5613 17.628 5.33888 
20.7251 16.0251 5.60869 
19.8664 18.5349 0.183013 
15.5446 15.9783 3.73109 
13.3277 23.1369 1.97647 
19.6385 14.3264 7.79387 
19.5751 16.0399 12.1103 
14.1889 20.0839 7.58187 
19.6518 21.1294 0.928669 
24.8605 24.6785 17.4687 
23.633 14.3101 12.8398 
21.2689 18.6224 13.449 
16.4004 22.7726 13.9248 
15.7445 25.1307 9.40819 
17.6522 21.6691 7.08411 
22.1605 16.6269 15.2747 
21.1719 13.7844 13.8925 
19.2637 18.5395 13.8789 
21.4165 23.9491 3.0776 
22.1853 14.6516 4.67579 
22.7287 24.178 12.603 
21.0908 22.3822 16.9148 
19.904 15.0516 0.717889 
20.3886 14.3865 17.1591 
23.4743 20.9275 19.5115 
25.2673 20.7228 13.8002 
19.7954 10.4046 0.82908 
16.9129 18.6984 1.34273 
22.886 18.1893 0.181789 
21.0159 25.1666 9.82871 
17.0034 18.4147 10.2031 
13.9855 22.8253 19.269 
14.4834 25.1622 11.8754 
16.7886 14.8446 5.08365 
21.3774 15.5355 7.6461 
16.6639 23.3308 9.01678 
23.9915 23.6777 1.55563 
16.1499 23.747 21.2848 
23.2525 23.3855 10.3478 
19.2683 23.7137 2.45595 
13.0368 14.6747 8.43904 
19.7822 16.7104 15.4885 
13.9537 15.76 10.5107 
25.0531 22.6715 3.85459 
10.9957 23.0686 7.14676 
11.3715 25.2657 7.60894 
24.6836 14.4051 14.6138 
17.0691 9.96369 7.37235 
13.1823 16.8452 7.03829 
19.1185 22.0029 16.6287 
22.4289 24.5898 7.48688 
20.6836 20.561 18.462 
18.2176 20.8499 18.2874 
25.069 15.1482 16.8343 
23.688 15.7439 8.72351 
10.7126 24.0306 4.10593 
14.4229 13.2179 2.87842 
25.1105 12.2348 7.56151 
22.2445 20.9477 6.73568 
17.3611 20.9219 1.15535 
18.0044 21.4799 13.9264 
24.0362 15.0852 6.3295 
15.101 23.3259 12.3775 
16.2309 18.1596 17.643 
12.301 24.9395 12.336 
17.4691 11.6765 13.7706 
16.7699 17.8965 15.5927 
16.4241 11.486 10.2583 
18.1509 14.1296 1.23369 
25.3293 23.1338 10.1927 
20.0856 15.9872 9.80763 
25.0335 20.8256 5.89455 
12.9822 23.179 22.5549 
12.8593 19.5041 2.50208 
18.1156 12.0022 7.66979 
15.6253 13.4523 11.0288 
18.3363 10.4918 11.9842 
13.7598 18.7353 13.4396 
23.8415 24.1579 15.6765 
19.8173 20.8445 12.7827 
18.7684 11.0517 10.0432 
12.3719 12.4831 11.9731 
15.7437 15.7728 17.8622 
17.5549 22.9606 15.6717 
18.6296 17.7526 17.0345 
11.9115 18.143 8.89058 
13.7813 10.1617 9.60794 
18.7356 24.3891 14.2701 
15.4294 22.887 1.1626 
23.0243 17.756 8.85454 
23.6794 25.3776 3.40019 
15.0057 15.3006 1.87779 
25.2104 12.1503 10.2512 
22.9856 12.6437 9.31871 
25.3549 16.2386 10.7703 
18.5352 13.5073 16.1263 
24.893 22.0483 0.679075 
21.8914 19.7739 15.6965 
24.1801 13.2619 5.51362 
15.6354 11.3646 12.1579 
18.2248 10.3321 15.4723 
23.4643 9.3878 7.32058 
13.8638 11.424 13.3089 
14.5276 19.9756 0.989662 
15.107 20.9216 12.8601 
14.3688 12.9609 7.43674 
11.6364 14.65 11.6959 
7.12513 24.6919 3.9637 
22.1093 23.4805 0.3004 
22.9507 11.6259 0.774382 
12.2752 21.8921 5.48096 
23.8961 17.3749 6.92237 
12.0646 13.3509 6.1323 
16.8087 25.1194 12.7877 
16.319 14.8678 0.141545 
12.1775 18.696 11.6409 
12.5196 19.9973 4.55877 
24.5548 15.1103 3.48578 
21.8669 14.8719 11.7836 
20.268 11.1859 6.69488 
17.8878 7.72144 10.2655 
17.4131 9.88555 3.63763 
11.9436 8.60401 11.3863 
24.1849 16.262 13.7928 
11.1251 11.074 7.3968 
15.8326 24.081 24.6588 
17.8947 19.5281 15.016 
17.2192 11.9983 5.70094 
22.5122 18.4921 19.3908 
20.209 16.7071 17.7524 
22.2061 10.6358 11.8983 
23.4669 11.3563 6.13424 
23.2 14.3888 10.3092 
13.4008 23.6522 7.60304 
20.3695 12.344 8.61842 
13.1375 7.08228 8.03949 
14.5675 17.9532 0.524413 
12.9241 11.9551 8.54103 
13.546 13.7578 16.2961 
17.9748 23.6875 17.5215 
22.195 9.74556 10.1066 
25.0599 21.0254 9.60149 
14.254 14.9401 5.70826 
16.6596 12.2809 19.0971 
10.5502 21.7707 11.7991 
15.5479 12.6083 4.60947 
16.514 13.0572 15.4223 
25.1635 13.1449 0.735131 
22.891 19.1971 10.3664 
15.7764 16.0321 15.2384 
20.1697 12.1037 11.9863 
12.6903 16.3199 14.8802 
11.0137 15.5771 13.7534 
13.2642 14.0835 0.0260389 
10.9796 9.08044 8.71561 
14.0661 11.1375 4.44968 
19.831 9.15156 6.96886 
13.7756 17.7114 2.6794 
21.9331 22.2272 21.3868 
22.8312 13.4339 7.37609 
11.5441 13.527 9.94665 
12.5655 24.812 0.953038 
20.8626 19.6867 7.46654 
16.623 18.4087 4.82202 
10.4173 21.9165 9.13603 
24.8119 13.0371 3.02268 
23.4528 20.4336 24.2139 
12.2153 17.7806 5.48387 
17.5664 19.33 19.461 
11.971 22.7372 19.3423 
17.6127 13.1881 20.6543 
24.0847 12.1282 11.9791 
22.331 21.9925 4.86321 
12.1188 12.6283 2.33058 
23.1638 22.3958 14.1937 
18.0772 17.3814 20.1589 
15.0011 25.0547 22.5367 
15.0873 24.7342 15.7787 
11.4686 19.1773 16.5133 
12.0847 19.6797 20.2157 
12.9071 10.4656 1.04589 
18.2064 8.26724 2.46 
21.7315 10.2941 2.6947 
10.2331 6.30941 6.97057 
21.3501 11.2673 4.69349 
11.3099 20.5613 6.66569 
16.6495 8.17339 5.42969 
24.6186 19.0847 3.00029 
12.2706 13.2555 14.6231 
13.7769 18.1809 16.8807 
20.6635 8.72333 12.5211 
11.1597 21.7969 3.74782 
19.3182 22.721 10.1329 
8.13033 15.3521 14.5885 
22.9528 8.43888 3.17992 
17.2056 6.1618 2.46674 
23.2093 13.3505 16.0319 
9.5863 13.4351 9.13016 
20.6876 12.6761 19.4416 
16.1605 10.7811 15.6732 
16.1968 4.92615 9.13299 
19.915 7.82715 4.61817 
11.4164 14.9171 17.6025 
7.75813 19.0965 15.2117 
21.83 7.73838 5.74999 
20.8322 12.4057 0.100506 
8.50377 11.3906 8.33868 
18.2694 23.0572 12.3713 
22.4771 20.3403 0.0862849 
17.8908 24.8425 0.475902 
19.8688 24.4415 16.0233 
11.8907 21.7752 1.61022 
8.69535 22.498 8.00721 
15.6576 11.7716 8.40961 
9.62942 20.9087 1.22323 
15.4626 6.12645 3.78994 
9.40075 20.8772 4.35222 
20.0342 23.1026 0.0517724 
19.9554 7.5103 9.82956 
9.48913 19.8279 20.898 
17.7003 17.906 3.10692 
9.62608 14.6111 11.3739 
8.00954 7.82688 5.31754 
5.99812 21.3481 10.7022 
24.8083 25.1499 19.7979 
17.7522 14.0456 18.2411 
19.6583 10.7966 3.43016 
9.81378 19.0081 6.58145 
15.7403 7.71793 12.4935 
23.0043 14.1831 2.32367 
20.8507 16.2744 13.7022 
16.3818 13.6479 2.60417 
10.4651 10.7006 9.89546 
5.81664 5.08811 6.53863 
11.0214 15.7861 5.18346 
17.4308 15.3894 16.3909 
9.34222 24.2267 6.77719 
11.2143 8.65719 3.35621 
16.6271 7.47383 7.61138 
15.0752 22.0028 20.8755 
10.3767 16.6993 8.56795 
11.5524 15.3398 7.12452 
16.9847 16.6545 12.8964 
18.1231 13.5117 23.6991 
24.213 11.2775 14.4683 
12.6834 22.9937 13.3545 
10.0298 17.2004 16.3041 
10.2478 12.8767 16.3332 
12.3657 24.6327 5.52954 
10.3476 18.7243 3.68377 
8.14428 22.6966 11.4509 
15.0713 11.0405 0.0472636 
13.1597 25.1294 10.3355 
14.5861 8.37392 4.81415 
12.5841 16.4128 1.63609 
25.1567 19.1089 21.4716 
6.96887 21.7484 0.563548 
21.4025 13.1868 10.8112 
23.9054 8.5759 1.28399 
13.5508 11.0796 15.2985 
9.42249 18.8366 9.36167 
17.9482 10.9868 24.7278 
19.204 12.3917 17.7163 
24.149 16.5101 24.2638 
13.4228 18.8636 23.764 
21.1563 6.78844 0.241682 
9.24426 23.9874 20.7239 
7.7822 19.0833 11.6221 
9.72641 16.6383 18.9069 
9.24646 17.1193 5.39861 
20.6739 25.1248 13.4916 
10.0046 13.6589 6.92925 
19.8374 20.8743 21.3259 
17.3471 9.00571 13.6241 
13.8521 21.0643 14.4988 
19.6428 20.5567 3.04695 
10.722 16.4293 2.70633 
23.2038 15.0697 18.4544 
5.84249 18.3974 13.131 
21.2333 25.3553 1.43759 
21.0534 25.1357 18.4557 
20.6629 15.3081 22.1724 
22.5248 15.73 0.745093 
6.81606 18.5705 0.0221863 
20.3177 11.8721 14.6747 
8.82867 15.3539 3.30976 
21.439 11.0879 16.6316 
7.44977 19.7794 6.38253 
25.2817 11.7332 17.4201 
22.9758 6.11524 12.0948 
8.5527 13.3115 12.4549 
19.3897 6.37693 14.8122 
13.2926 14.8409 3.63661 
9.36985 21.2605 13.385 
15.6774 14.2119 20.7112 
8.01013 17.2747 1.10682 
21.4513 5.7994 14.7512 
11.6606 11.7196 4.85471 
10.79 19.6034 24.429 
10.8353 13.9348 3.91063 
24.9356 24.8564 13.9601 
7.30932 16.2543 7.96152 
21.5066 13.0022 5.69653 
24.1224 10.7958 2.88173 
19.5836 23.1531 20.7556 
13.6841 22.2803 0.129135 
9.60892 22.3667 21.8459 
22.8804 23.5736 23.2286 
7.59647 19.5308 18.9204 
15.3133 10.1116 5.69776 
25.0756 14.6207 19.0389 
9.59552 11.8512 5.36595 
15.4138 25.3952 2.54687 
8.16582 22.299 5.6123 
9.03686 22.8599 1.99378 
9.34672 16.7089 11.3972 
14.2963 25.2149 20.6618 
8.86624 8.80815 11.8821 
14.5048 9.3161 11.589 
14.528 16.4138 25.1381 
17.8544 11.3281 0.898828 
11.7553 10.4485 18.9241 
18.8238 5.79626 5.69297 
9.78806 24.7522 12.0486 
8.06211 19.2841 4.50169 
14.8773 8.61439 8.07854 
14.2834 12.933 19.1522 
11.4294 7.68099 5.38694 
14.4683 9.706 2.08156 
11.0334 11.033 14.5427 
13.0579 10.2643 7.46029 
17.9553 4.58018 7.11579 
10.2508 23.633 24.6047 
15.2833 8.574 0.262809 
17.7384 16.4081 0.318982 
14.675 6.81799 10.6914 
24.9885 12.5953 19.8469 
24.5593 24.6989 5.7128 
13.8443 7.93721 14.5174 
11.343 6.843 14.7469 
25.1222 10.0863 5.06321 
6.96762 16.6209 10.394 
12.5554 5.25716 5.66259 
16.0174 17.7014 19.7917 
13.7963 23.3871 14.9758 
18.9799 8.55019 23.7954 
22.384 17.2567 21.1358 
20.532 18.2148 20.0659 
24.5927 9.44412 21.4488 
20.8063 21.9486 24.7105 
5.16408 19.0054 11.0097 
6.9923 19.5558 8.38737 
21.1822 24.9849 23.6419 
10.8756 10.6828 12.1509 
10.3327 14.1865 1.10709 
15.906 14.1788 25.1219 
7.79171 14.8793 9.61961 
15.9316 6.96176 16.4872 
11.6637 24.7367 22.0408 
5.03924 15.8601 8.62697 
9.86579 25.2153 2.68342 
19.3448 9.82024 21.0921 
7.22351 25.3842 9.44697 
19.6852 8.60672 18.2488 
5.94228 24.923 12.3252 
19.9717 18.7734 23.9282 
8.50943 12.2479 14.6341 
7.17291 12.8975 10.4047 
8.50345 23.454 0.0826828 
22.2891 23.1671 19.5952 
18.7717 4.55718 2.00104 
24.7087 8.76587 9.46771 
7.86225 23.366 15.6474 
8.28176 9.1767 8.1979 
13.2632 19.5193 18.3175 
8.88138 19.4707 2.45874 
8.24058 13.343 4.42978 
9.86471 5.41693 2.05528 
23.1964 5.3534 9.93936 
12.0807 25.2352 16.0674 
19.2299 7.65138 0.716873 
12.5166 4.97267 3.45147 
17.1508 16.9887 23.6764 
19.6061 4.39211 9.95347 
9.62905 7.32762 8.80268 
14.9141 9.70912 14.0976 
11.7297 16.5788 10.7416 
10.7865 1.63101 2.73182 
10.7471 24.18 14.9406 
4.47249 15.1472 10.9882 
5.40958 14.821 13.4988 
6.03444 17.9899 3.72042 
20.5318 9.23905 8.87464 
15.4105 11.2496 22.7697 
25.3005 10.397 1.22403 
11.7413 4.06691 8.70403 
12.5668 16.8893 17.959 
6.32256 7.98683 10.6936 
6.81459 21.7171 4.10629 
13.7365 7.02357 2.91406 
24.7018 8.19487 18.0478 
20.2851 14.9282 20.1552 
22.051 9.88546 20.0178 
19.4016 24.0131 24.0389 
24.5527 9.3929 13.3555 
20.154 4.3899 6.72986 
9.03195 17.8005 23.9584 
23.581 11.7197 21.4006 
7.39799 17.214 12.4883 
8.00524 10.3766 10.3027 
13.4675 25.2863 18.7688 
23.1001 14.3271 22.1854 
11.6554 8.43629 0.285257 
7.47222 20.5726 24.0531 
20.8119 12.5904 21.7348 
6.47917 24.6464 1.74907 
4.6964 13.0288 10.0814 
23.6629 8.43983 5.09394 
21.8654 9.22082 14.4621 
22.1412 6.08129 3.44612 
10.0032 3.30557 6.40424 
15.996 23.5812 18.1567 
9.5069 5.8286 10.1778 
4.47026 18.7255 0.156687 
22.0036 7.58696 9.78191 
24.8344 24.8345 23.5422 
18.6311 21.4959 23.9833 
6.2274 13.4695 6.50127 
11.3192 3.20666 4.66454 
4.34226 23.8138 3.03093 
25.3517 9.7021 16.2596 
25.0151 23.0189 12.6048 
15.5575 4.33011 11.4673 
24.861 10.0678 23.8437 
13.1355 4.04106 11.4766 
13.0618 1.51966 13.4762 
7.41566 6.75514 9.4454 
23.1616 22.0072 17.6563 
10.7048 11.5368 0.661256 
16.5425 9.32657 9.79065 
24.7999 18.5109 23.9283 
15.8319 5.03554 6.09486 
2.64486 18.627 3.83311 
6.50723 23.2859 9.58615 
8.80713 17.7353 7.80446 
11.9697 9.64984 5.72505 
6.82703 16.8569 5.93823 
13.3685 24.9897 24.7275 
11.5704 15.9412 20.0685 
16.6353 5.77918 0.577816 
7.68328 4.54238 0.41478 
22.8994 22.2623 2.94059 
9.62623 7.92113 0.616713 
17.207 25.0765 4.5616 
8.5939 8.20503 14.1601 
20.2156 11.4835 24.6378 
4.25144 22.6453 0.362275 
11.3765 25.021 18.5277 
13.9432 1.19995 3.22212 
22.3786 5.79089 5.66609 
21.185 4.72018 0.00294042 
16.173 9.50903 24.3135 
13.2101 5.57165 0.315713 
20.3611 9.85415 22.8701 
10.4756 23.9748 10.004 
5.18423 16.4313 2.41321 
11.2787 20.7607 15.2678 
7.36945 10.3412 14.5976 
2.57877 15.4402 0.80553 
12.7082 5.9551 10.0732 
25.267 15.3011 21.6761 
7.72024 16.4072 25.0864 
15.9431 19.0461 23.3582 
9.52634 10.1906 4.21316 
11.6098 22.2086 25.3032 
9.92809 8.77029 6.43874 
12.8754 17.6327 20.8619 
17.2146 22.5799 19.6283 
6.52474 2.98434 6.56706 
13.8311 15.2812 19.692 
25.0066 6.59391 7.7005 
6.06241 12.7936 12.755 
3.08126 18.2792 12.8541 
8.30459 5.94379 6.27816 
18.1722 10.3362 22.7937 
8.26596 7.98785 2.53754 
5.46769 18.6473 7.19768 
5.83501 9.58078 0.590062 
22.3584 6.54078 7.9571 
5.53895 20.1359 18.6224 
6.23963 6.71215 12.6005 
11.2809 22.9727 17.2947 
2.50084 20.9621 0.222877 
14.2208 3.00396 1.24176 
22.6707 19.4426 22.4123 
22.3795 18.7187 24.9412 
6.98912 18.3695 22.6195 
21.2805 4.17475 16.6265 
9.30428 15.5865 6.86401 
5.5687 24.0291 7.96285 
18.211 15.383 22.7841 
24.2176 6.41584 4.15277 
13.1849 2.64837 5.51237 
21.2181 16.9931 23.351 
12.6755 20.836 23.1895 
17.0427 3.18527 3.04186 
6.6005 22.0413 19.2365 
24.0333 4.14393 6.00951 
24.7649 7.01498 12.44 
11.0661 17.3775 0.384956 
6.20776 4.17791 9.38517 
17.4393 1.88392 4.96101 
22.3069 2.3333 2.93659 
5.93137 10.9979 8.21077 
13.7799 22.8062 3.93608 
18.7209 16.2974 24.8702 
6.2544 9.67185 4.75556 
23.1378 8.63807 12.0715 
5.69645 21.6515 7.37254 
14.2317 21.2468 17.7321 
9.96731 0.323542 5.92306 
5.99299 7.58614 4.39673 
12.017 3.49532 0.878995 
11.4184 0.0947578 4.5561 
14.094 21.0037 24.7056 
15.3503 8.97346 17.0438 
24.6968 21.6503 21.4812 
3.45313 19.7902 8.79857 
8.95888 10.7116 13.0007 
11.9628 19.3093 0.548524 
12.1103 8.73788 15.3894 
10.186 14.235 20.235 
3.9115 10.3008 1.96259 
1.78703 8.11573 4.26946 
18.0503 25.3507 16.2983 
15.737 2.67309 8.14782 
22.9676 13.0889 19.3899 
13.8433 16.8755 23.2628 
11.9732 5.14252 13.6807 
6.75395 19.987 2.77197 
7.87819 24.2348 24.9519 
22.1917 2.0306 14.5464 
16.0513 7.94391 2.50115 
7.64772 5.2822 2.30783 
6.1978 20.4725 15.6321 
19.7957 22.9004 18.4623 
9.4301 6.0174 4.41756 
23.4559 6.68782 14.8588 
7.73009 22.3911 23.1641 
17.0251 21.8205 25.2155 
12.3733 12.2422 18.1858 
6.04413 23.1843 5.99577 
17.5648 20.404 22.0564 
7.62683 14.7649 1.59666 
8.95874 9.89879 1.51325 
3.3462 22.9772 10.8737 
21.6236 14.5741 24.4499 
8.96602 25.2601 16.1848 
24.9209 3.5213 16.3906 
25.3584 24.8261 11.7615 
24.9039 13.5708 25.212 
20.9265 6.7718 24.9638 
6.23019 9.03249 12.7701 
6.23089 24.7209 18.4372 
10.926 15.9126 22.1795 
3.27891 21.1328 21.0981 
3.4317 7.68452 14.3478 
19.0232 3.50082 4.34303 
17.5415 3.55961 10.8105 
10.9058 21.2796 20.5431 
4.34272 24.0702 5.19368 
1.46749 18.1772 10.0411 
5.64905 13.8213 2.01116 
5.79885 11.3719 10.4672 
2.07864 14.0256 8.14878 
24.9623 19.0313 16.8411 
11.0269 5.37861 0.336408 
9.39519 21.5248 24.9179 
22.3103 10.7687 24.6374 
3.45976 7.85635 1.12562 
5.64165 19.6973 20.7024 
7.68631 1.55574 8.04059 
19.409 18.8318 21.6093 
8.44878 20.7269 9.15728 
20.4568 7.05256 2.4102 
14.129 12.3875 10.1965 
7.79565 15.1675 19.6678 
15.4339 1.57607 5.79672 
2.43809 24.6864 1.07748 
17.7405 2.88136 0.474627 
9.10566 20.653 15.7873 
24.9482 18.8088 0.343848 
22.6979 9.44802 22.2898 
3.09279 14.7838 6.01764 
4.06271 2.19446 7.98539 
7.88829 12.8281 2.36788 
7.54422 25.0472 7.33447 
5.39745 9.60889 16.1686 
18.6062 25.0262 19.0427 
0.604664 4.96306 4.897 
9.66686 23.8678 18.4465 
15.5157 5.73093 13.3379 
17.8721 4.17485 16.8243 
9.58183 3.33552 3.19886 
3.56157 11.5426 11.8776 
9.15532 21.4688 19.468 
18.5552 2.17232 17.7283 
15.189 10.5256 18.7224 
2.86134 17.7098 6.21688 
20.736 4.3734 3.06387 
18.2172 24.174 22.3496 
12.434 15.2249 23.5856 
17.5605 7.98467 17.4524 
23.5165 5.58674 1.35086 
25.1908 23.0568 19.2169 
5.96181 25.2013 15.1743 
14.7718 22.0545 22.9378 
18.0286 5.90797 12.2578 
9.34799 1.02046 0.563888 
8.82871 14.5392 17.1838 
7.44718 11.2649 16.4961 
5.86468 22.5711 12.3223 
7.91424 1.80429 2.67319 
0.551165 16.9728 13.3093 
23.3817 4.47998 7.88507 
10.241 18.6069 18.1762 
4.87671 21.1516 3.90722 
12.9429 8.21312 17.2943 
21.8265 8.02269 16.6712 
20.362 1.70963 2.19242 
21.3513 5.86702 17.8781 
10.2677 7.08525 12.6536 
9.2714 8.52874 18.0669 
23.4059 12.5641 24.1861 
3.69943 18.7186 19.6583 
22.6296 24.9398 21.5685 
18.7572 3.10624 14.6759 
0.939857 16.9812 3.04793 
23.3964 25.1905 25.3356 
11.1247 12.3173 21.2687 
23.5471 10.7232 18.4354 
17.6107 7.66281 20.979 
1.79409 20.074 2.57878 
18.62 0.973854 11.1484 
13.9811 4.11005 7.37548 
24.7369 10.0657 11.1413 
3.8035 20.6786 5.97718 
11.4629 20.7698 18.2505 
5.95677 8.29531 8.37307 
17.1801 10.1506 20.3186 
13.7342 6.3754 16.1343 
5.63541 11.5726 6.1577 
18.5936 6.49853 18.359 
12.9265 0.805631 7.34731 
14.3792 4.1009 3.24445 
18.9141 1.13813 0.615301 
20.643 1.37387 4.87854 
6.45031 14.2225 17.1513 
9.38411 4.26633 12.8926 
14.6954 4.10882 14.2496 
23.8618 16.1286 20.2377 
3.15612 7.04007 7.41916 
0.206238 7.96863 2.88045 
10.4243 24.6269 0.155884 
25.3727 10.047 19.4179 
22.2737 6.81927 22.6724 
6.30376 20.3656 12.9741 
13.8995 2.06787 16.953 
12.7505 1.57743 0.681055 
4.7651 19.0313 15.5966 
25.3475 16.1228 0.606918 
15.3714 11.4536 2.68116 
24.5712 2.46716 11.9145 
13.5109 9.82954 20.5361 
1.60374 13.9095 4.44968 
3.75231 9.29216 12.9671 
16.6698 1.31357 10.103 
3.5764 24.0181 14.6 
2.76005 21.9731 14.0779 
8.82064 11.1852 21.5394 
18.4019 1.58055 2.62314 
5.83282 21.4538 22.5358 
4.75235 15.7248 0.583447 
3.35941 16.6318 3.33716 
23.5345 0.442677 7.39565 
10.5673 17.7625 20.5054 
16.7558 9.82289 1.64346 
23.6255 6.66395 20.8684 
22.3053 4.54308 22.0042 
4.44214 24.5901 9.74601 
8.54323 6.3089 14.8287 
4.97884 22.4509 16.192 
1.9248 22.7598 5.13664 
4.55455 22.7932 23.6485 
7.24025 2.34848 10.9135 
13.7949 2.66217 8.78396 
4.7968 12.7939 15.8713 
16.8078 0.017765 3.05507 
10.3787 4.42466 14.8723 
18.924 2.34684 6.56797 
5.5489 17.6829 21.2606 
18.9858 0.442827 8.26747 
4.35526 15.6349 15.1664 
14.8247 20.1124 20.0293 
4.84362 4.03676 0.956325 
16.2213 11.8359 25.3036 
4.29321 20.3074 1.75835 
7.0112 22.8936 21.2092 
16.6362 1.03874 13.1563 
3.78687 14.524 4.00474 
3.328 25.226 11.8295 
0.119392 6.39688 1.59627 
3.20899 22.3879 8.85999 
3.55093 17.4505 8.21115 
2.29332 20.686 12.0321 
2.40589 19.2877 21.9528 
9.84158 2.16 10.6224 
10.1358 1.33273 7.67536 
1.7675 20.7112 8.08228 
6.04301 7.72493 16.5378 
4.18507 7.68717 10.649 
7.72095 24.6807 22.5885 
20.2401 4.24464 12.2579 
18.4312 7.0674 8.41718 
16.4067 1.30343 18.7313 
8.03829 0.83252 4.92449 
14.3159 4.53083 9.76043 
13.2718 14.186 21.8704 
1.96391 16.2736 9.31658 
21.116 1.37336 9.10275 
0.922153 19.3106 6.50727 
7.69168 22.7548 13.5727 
20.298 6.42075 12.8316 
10.5663 1.91286 15.2347 
14.0284 13.2992 24.0208 
1.40187 18.0942 16.0588 
11.9871 2.03509 11.1016 
20.1635 1.61925 15.0096 
20.6618 16.927 25.384 
0.0302942 23.5217 11.9337 
25.3277 6.5769 23.8905 
16.6266 0.798316 0.221135 
6.53233 17.1553 17.5554 
19.8326 6.95042 21.9739 
3.90373 4.13842 14.4659 
18.2635 10.4117 17.9655 
20.857 8.82862 24.5734 
16.5161 2.73749 15.8909 
24.5986 6.10108 17.8679 
23.1676 3.17627 1.07665 
3.35525 24.9517 16.5843 
4.47535 25.0117 21.2576 
10.241 2.62682 18.4195 
17.2659 5.73664 25.1917 
4.7417 2.91985 3.51167 
13.6635 7.34085 18.9943 
13.811 4.12605 16.0538 
16.7575 4.51294 14.7575 
10.432 8.00339 16.2649 
12.3084 20.8104 12.3365 
5.77666 19.1012 24.7425 
14.5538 0.667446 20.1566 
14.2197 6.3986 5.92355 
20.6113 2.25361 12.4385 
5.92979 1.30493 0.585245 
3.68799 21.2577 18.399 
11.3585 19.5059 22.2346 
19.914 2.44045 10.2994 
2.21421 12.9678 17.1438 
4.85301 8.84376 6.06877 
3.69178 7.07386 4.12375 
2.0703 11.0239 9.5721 
18.6786 5.46123 20.1762 
1.1645 9.77444 12.236 
16.5388 6.97323 18.9963 
21.9195 3.43445 5.47758 
5.9819 0.128594 2.84321 
23.7644 0.531506 4.37042 
12.2778 4.18859 17.7787 
11.8581 17.4507 23.53 
15.5823 5.96856 21.7994 
3.19744 12.3511 4.15646 
11.7305 8.9193 13.3588 
24.3294 3.88503 19.06 
14.8378 4.17083 19.784 
8.88488 14.1232 24.7931 
24.9033 4.24389 3.03277 
21.7527 8.81612 0.019156 
17.5776 2.71615 19.8118 
2.16011 22.164 1.97973 
20.9453 4.17521 24.4748 
23.6639 2.47265 4.97195 
7.51284 2.90859 4.74492 
15.4217 3.39769 17.5198 
5.83358 6.57973 0.824613 
0.856155 15.9698 16.3525 
7.04242 11.3284 1.04102 
1.41166 10.1895 6.42898 
1.13154 12.4388 11.9196 
2.96049 17.1318 11.0792 
9.31451 3.78876 9.50059 
0.403949 20.015 10.2265 
0.509075 16.4389 5.68866 
22.7288 2.30659 7.52727 
5.49989 23.3099 14.3268 
5.74897 14.1625 4.15622 
25.2754 2.60156 8.50305 
1.20593 24.5126 3.65039 
10.4909 6.14761 18.362 
6.54687 5.37809 14.3317 
21.9949 0.937818 11.3144 
3.59858 10.9824 14.1929 
19.5059 8.63723 15.2482 
14.4915 18.5711 21.9247 
0.336801 22.8359 2.62512 
8.2224 3.51109 17.9776 
8.11179 2.65743 14.3547 
1.8606 10.6362 15.5206 
11.0173 7.42072 20.2487 
10.6925 4.5873 20.0526 
6.4818 8.07841 18.5788 
14.6156 0.601689 10.2327 
2.99028 19.1819 14.6655 
23.4853 3.9178 12.9615 
24.114 22.4581 24.5217 
1.53292 24.6466 13.1816 
0.83299 14.4562 2.29571 
3.87665 16.4763 22.4669 
7.8209 6.59143 0.322793 
2.30353 14.7652 11.188 
18.537 5.76957 23.5677 
7.91199 24.9725 12.9673 
0.860599 7.29361 13.6763 
12.588 3.07038 21.0375 
1.84209 18.1361 0.491348 
7.90325 13.4443 7.99332 
16.6841 0.697144 7.36689 
12.6974 5.22214 19.4754 
15.6643 1.95073 2.25034 
7.91752 15.3469 23.3375 
19.3452 3.37278 8.25235 
3.53756 2.12486 0.247201 
12.0912 0.0659738 10.039 
25.1863 0.552529 12.1756 
4.99056 21.2422 25.2554 
2.43386 11.8889 1.83221 
23.1335 2.71356 10.0397 
3.92828 9.87727 8.85413 
25.0797 1.51943 13.9973 
23.1337 0.328532 13.6202 
9.75961 16.1537 25.1386 
25.3808 6.13393 10.1085 
20.7367 5.23392 20.2419 
22.7965 24.5379 17.5359 
16.3888 7.81718 22.6187 
23.2014 4.54878 15.8947 
15.039 7.55273 25.2773 
6.79352 11.4569 3.57638 
1.70283 25.0803 22.1382 
1.56141 24.5859 9.41696 
4.12718 5.77675 9.91795 
13.5304 8.03511 23.245 
4.57336 12.1089 2.61855 
2.07486 4.34818 2.77389 
0.851579 8.14761 10.3336 
13.3809 11.393 22.8604 
17.5398 0.68861 16.5414 
15.1562 12.7909 17.0362 
0.70471 12.2522 5.89328 
22.5933 8.04486 18.7101 
5.95814 12.9159 18.7542 
0.0268722 21.8185 0.112349 
0.677691 18.2782 22.1282 
5.38524 16.2942 19.7614 
3.37669 10.4352 6.1414 
7.65122 17.2271 19.4877 
13.7665 10.922 25.2601 
5.29766 5.09367 3.60797 
20.5254 2.50454 21.6825 
11.76 7.58734 24.7799 
2.53635 5.55953 12.515 
0.730236 19.9943 19.3872 
6.66998 0.011543 9.87483 
11.149 4.38869 11.7727 
0.836628 9.94485 3.37705 
23.1799 7.41898 24.7157 
5.6547 24.9308 25.0209 
23.5146 2.76259 21.1181 
25.1135 0.509775 20.8155 
1.87476 15.7605 14.4724 
0.0946701 15.0729 11.338 
0.185937 15.0005 18.0568 
3.91524 12.8354 0.531079 
9.01816 0.12684 8.83974 
6.97128 10.9632 12.6342 
23.67 2.93379 23.2231 
10.5951 13.9926 22.8368 
0.640486 24.1177 16.4089 
7.96727 10.3411 6.39655 
1.0803 23.1368 8.08392 
3.52278 25.1566 8.03194 
22.1894 0.698567 19.4006 
10.0918 13.738 14.4684 
14.7393 2.49169 10.917 
1.37744 13.9635 13.3579 
14.2763 3.41707 24.3406 
3.24301 15.1445 17.2961 
11.0392 0.462769 12.7542 
3.35317 2.77284 5.46836 
13.5953 6.06416 12.1983 
18.9407 11.8199 21.3054 
7.35155 4.67579 16.506 
11.9661 12.9785 24.7613 
0.656534 10.9797 0.925815 
15.2653 5.43383 17.8418 
0.133718 18.8975 3.76003 
4.83033 23.1147 18.9657 
16.7053 15.973 20.954 
1.90517 7.47745 17.3636 
3.55031 14.8155 20.3794 
13.1957 10.266 17.5052 
2.79562 24.7514 19.5232 
5.2295 2.69797 17.3666 
2.35906 1.05552 11.4064 
13.6792 4.96251 22.451 
2.46434 20.6979 16.1941 
9.2553 10.2403 16.1593 
22.516 4.82311 19.3695 
0.892275 17.1579 19.8586 
23.8488 1.65236 17.1286 
5.33914 13.4377 24.6712 
2.95899 10.2175 3.92526 
25.2825 5.49184 14.1721 
25.2718 7.24254 1.89939 
15.5912 0.141106 15.7137 
18.8025 0.640515 13.4732 
4.64636 16.6587 24.6574 
3.28876 0.640614 4.51315 
20.3189 6.44333 7.10162 
5.12396 2.43079 12.5084 
1.72796 13.9713 21.5356 
21.7896 0.470927 15.759 
2.88982 11.9226 7.46923 
1.92919 6.67006 2.87589 
8.86572 11.3016 19.4024 
2.47264 10.4866 17.5556 
4.25876 17.1683 16.8034 
18.6693 1.99169 22.8843 
5.02804 5.78968 16.9276 
8.38189 6.81443 19.2158 
0.29872 21.1756 4.9508 
4.58733 0.392855 12.3478 
0.302866 23.712 5.9155 
24.0229 0.584187 23.0445 
6.26202 2.86896 2.10587 
8.93171 16.7914 21.6219 
1.21134 22.0739 9.80368 
16.6694 3.04694 24.4363 
18.5919 0.428874 19.9704 
2.78072 11.2832 20.2394 
2.06322 3.37262 12.2927 
9.2162 7.49367 21.5882 
5.99053 14.6183 22.8335 
22.2531 0.141 0.217813 
1.36745 25.1612 7.08092 
2.48967 20.7257 23.5642 
3.03953 23.041 6.85697 
1.49317 22.455 22.1767 
11.527 1.95523 23.9059 
3.16468 4.94253 17.7972 
2.73014 4.76553 7.79995 
2.54407 15.3933 25.0031 
6.98215 0.168447 14.7955 
6.03337 10.1173 21.0567 
15.5295 8.92676 19.9289 
2.01126 24.013 24.0903 
2.14478 22.5558 18.0499 
7.45169 9.84804 18.4983 
6.67746 12.808 21.8888 
3.20865 10.7858 23.7009 
7.73384 12.2283 24.2593 
11.3945 10.3782 21.9051 
12.7741 9.94983 3.27995 
16.0155 19.7688 25.2721 
6.7271 0.315746 12.5332 
1.55039 18.2932 18.2425 
1.07526 15.1402 23.1871 
5.00452 5.62746 19.7557 
2.92672 3.26479 19.5853 
8.65066 13.2254 21.8288 
1.02879 23.4825 19.6538 
14.2459 0.155391 0.597841 
20.6835 1.79057 25.3975 
1.81178 5.56522 15.0954 
0.217263 18.1853 8.0117 
0.0255594 11.8641 20.3374 
5.09428 7.69053 20.298 
0.433079 17.9022 25.0861 
0.893627 0.593009 9.38357 
0.407605 3.21201 3.01773 
0.00366545 21.14 16.9506 
2.95521 18.1033 24.9824 
3.8465 2.27221 10.0199 
0.73416 11.9364 22.2516 
15.5167 2.82646 22.0017 
2.68285 20.9861 4.32911 
5.87345 1.9098 15.1273 
3.63889 14.1001 22.454 
10.3876 11.9765 18.1363 
0.164184 13.5217 15.2637 
11.1461 8.48667 23.0462 
4.14132 11.769 18.0564 
9.25133 0.876167 17.4167 
12.0401 1.34406 19.5754 
5.55189 10.8535 19.2227 
6.54692 16.8438 15.208 
22.7874 5.31191 24.0436 
10.6149 11.6929 23.7795 
9.98126 2.44808 21.1194 
0.72286 22.3963 13.6282 
6.14884 4.9397 11.536 
9.29746 20.0792 23.0808 
19.3899 4.6921 22.0703 
1.70503 13.0072 25.1595 
20.7462 0.19705 23.1267 
11.5684 10.9983 16.5684 
9.5732 6.39873 24.7082 
17.2101 4.1757 22.2016 
12.6971 1.01408 15.7127 
7.85968 21.057 21.3081 
24.8018 0.520366 9.09448 
6.64766 9.35582 2.64586 
3.20863 2.05037 15.2301 
4.05393 6.07969 2.33142 
5.93369 11.2231 23.2152 
0.342455 1.02096 4.77196 
1.9638 8.97501 19.3547 
0.667589 8.73367 0.197298 
0.544657 19.5664 12.6143 
0.160116 9.41573 20.6057 
7.8966 5.50244 22.1037 
0.0899642 22.515 24.6498 
16.6196 22.8566 23.2382 
25.0158 1.58497 0.978517 
1.18407 5.36267 9.21713 
25.119 0.252105 6.18155 
7.88304 3.01797 20.8499 
4.67345 13.67 8.09357 
18.8053 5.64518 3.68092 
15.5198 0.74585 22.3608 
7.42609 1.07846 18.6986 
4.17359 1.86074 20.6754 
10.1875 9.46305 24.9063 
16.7581 4.74703 19.0347 
20.2817 2.70706 19.2312 
4.46039 18.7896 23.0268 
7.01529 3.14208 12.7482 
20.3779 0.926718 17.201 
15.7904 4.7647 23.5336 
1.47303 1.67304 16.6747 
11.9338 5.87102 23.3861 
4.82717 16.7294 5.40567 
24.8181 5.02387 22.1672 
3.53569 16.7153 18.774 
21.1418 7.49257 20.3708 
12.2454 13.8152 19.8055 
24.9774 3.93701 0.406232 
4.58827 16.7515 12.5947 
10.7872 4.31901 24.2744 
12.9295 0.5073 24.8183 
15.6236 3.92329 0.123426 
0.341994 19.8636 15.3538 
0.140725 9.34199 7.87647 
9.91736 19.1277 0.356908 
0.31899 8.44612 23.3598 
25.1103 4.87048 11.8768 
6.71134 7.66839 23.6641 
7.75357 4.84208 24.0454 
16.0704 0.897484 25.2877 
11.1972 6.54809 3.45153 
1.71274 0.485365 14.8418 
0.135024 24.9963 24.1509 
1.73057 1.69255 2.61745 
4.35845 8.53922 18.2236 
10.995 4.16746 22.0479 
0.465989 3.03566 5.64188 
9.30322 0.623174 24.8398 
1.17638 3.12855 8.53238 
3.62234 24.7492 25.2647 
3.31232 7.59961 22.0522 
3.22992 9.04537 16.3497 
8.04198 9.54408 23.3838 
21.554 3.85011 9.04897 
10.9991 0.127484 22.698 
17.8211 6.361 16.1106 
9.45352 0.198513 3.55967 
7.03023 8.40285 21.6559 
0.851465 14.4803 6.52666 
5.35904 14.1609 20.9561 
0.0717654 11.5752 9.24814 
4.24645 5.61958 22.9705 
4.22143 11.6552 22.152 
9.90886 2.1559 13.1803 
1.25616 20.011 25.3513 
13.1244 8.17554 9.74665 
3.05493 5.02824 21.1964 
2.63547 5.23297 5.61377 
8.93004 2.99812 25.3295 
0.556798 23.892 0.572494 
13.3874 2.22817 22.7477 
3.87537 13.4972 12.8103 
0.616463 7.41579 19.7646 
7.28924 21.8423 17.2147 
0.154991 4.66886 18.8613 
0.0832751 20.6648 23.0194 
3.88254 0.167238 15.1523 
4.10481 4.41226 11.6468 
7.67976 4.67681 7.99911 
0.831661 3.3317 14.188 
0.0228245 23.9307 22.4363 
21.2775 5.62541 11.0406 
1.13712 0.102651 1.47599 
8.90686 0.618063 13.9914 
0.10701 15.4008 8.53722 
8.42098 10.3603 25.3138 
3.23832 0.618219 17.5748 
5.05569 6.52187 24.7456 
6.11376 10.305 25.2343 
0.46775 25.3556 20.1458 
18.1374 16.0717 18.6235 
0.175511 10.0538 14.237 
2.37217 9.44597 21.6758 
2.32516 7.54269 24.2813 
9.11559 2.19213 23.0828 
4.71807 8.96022 22.9482 
1.23728 6.50703 6.63189 
8.46639 6.0437 12.2233 
18.3259 1.18072 25.3364 
1.2801 5.8182 22.3002 
25.2362 5.89202 5.82569 
0.503793 11.0322 18.097 
2.5543 7.68552 11.8461 
0.886009 1.42418 7.4884 
25.2489 3.55787 10.3398 
11.2893 25.3555 23.9668 
0.182707 5.74434 11.5647 
11.298 0.34885 17.823 
15.4614 15.2602 23.3355 
0.915904 3.86712 21.9207 
9.83947 12.4039 2.64005 
5.52819 3.44106 21.8736 
0.138336 3.30182 0.460762 
4.20281 3.48968 24.6245 
0.194844 2.04089 19.555 
3.76608 1.14495 2.38403 
6.27405 4.02105 19.2228 
9.85879 9.40283 20.0499 
13.5211 5.71203 24.8612 
0.0586438 10.4732 23.5639 
22.4581 0.381188 21.4355 
6.13937 0.396477 16.9778 
0.105894 8.71685 16.6526 
21.35 2.41291 23.6132 
7.08823 0.494138 22.9702 
9.12014 0.106524 20.1553 
1.28707 4.93259 24.2457 
0.785244 13.4316 19.1497 
2.00976 9.73417 25.2505 
22.9729 2.80288 25.2335 
22.3625 12.0403 14.5098 
5.02901 1.43278 5.54319 
8.99241 2.70297 16.2082 
1.45236 3.78507 16.485 
4.17078 1.88608 23.1136 
22.2704 2.85234 18.5548 
23.4094 10.3815 16.1354 
19.4957 0.0707593 3.81207 
25.3196 4.5498 24.9337 
22.3097 23.2379 25.1173 
2.15227 2.76281 25.2585 
19.6565 4.16678 17.9294 
0.02001 9.2058 5.33914 
20.1144 24.9037 21.6831 
8.8004 0.436682 11.4059 
6.05734 6.1123 21.5652 
13.3496 7.34406 21.2783 
0.322425 2.98101 10.8444 
6.66565 1.87722 24.4621 
1.67979 0.581793 19.1656 
0.59204 0.0101373 12.8135 
5.45965 0.299367 21.091 
5.21896 0.977249 18.7131 
2.74106 22.1137 24.9953 
2.61182 0.726683 24.8576 
0.273782 1.34478 24.2117 
7.77994 18.6562 25.3678 
2.12447 0.465332 22.9045 
1.53123 1.93689 21.1537 
7.66465 25.1305 19.9244 
3.65942 19.2598 17.3529 
18.1392 25.2749 25.3082 
1.86201 5.62026 0.500378 
21.8139 0.0576982 25.3353 
19.2412 3.36104 25.2907 
